ID,FEMALE,MALE,ETHBLACK,ETHHISP,ETHWHITE,AGE,S,EDUCPROF,EDUCPHD,EDUCMAST,EDUCBA,EDUCAA,EDUCHSD,EDUCDO,SINGLE,MARRIED,DIVORCED,FAITHN,FAITHP,FAITHC,FAITHJ,FAITHO,ASVAB01,ASVAB02,ASVAB03,ASVAB04,ASVAB05,ASVAB06,ASVABC,HEIGHT,WEIGHT85,WEIGHT02,SM,SF,SIBLINGS,LIBRARY,POV78,EXP,EARNINGS,HOURS,TENURE,COLLBARG,CATGOV,CATPRI,CATSE,URBAN,REGNE,REGNC,REGW,REGS
3195,0,1,0,0,1,42,12,0,0,0,0,0,1,0,0,1,0,0,0,1,0,0,48,64,50,53,51,58,59.53675,65,160,182,12,12,2,1,0,22.55769,14.1,50,16.96154,1,0,1,0,1,1,0,0,0
4896,0,1,0,0,1,43,16,0,0,0,1,0,0,0,0,1,0,0,0,1,0,0,66,66,54,59,61,62,63.35343,74,200,225,12,14,5,1,0,18.82692,32,40,18.82692,0,0,1,0,1,0,1,0,0
3860,0,1,0,0,1,41,19,0,0,1,0,0,0,0,0,0,1,0,1,0,0,0,62,66,60,59,61,65,64.98915,72,185,235,12,13,2,1,0,15.86539,23.38,40,15.15385,1,1,0,0,1,0,1,0,0
4923,0,1,0,0,1,39,10,0,0,0,0,0,0,1,0,1,0,0,0,0,0,1,46,40,38,32,41,37,37.45457,69,173,215,9,10,7,0,0,14.46154,16.27,40,7.038462,0,0,1,0,0,0,0,0,1
5382,0,1,0,0,1,41,12,0,0,0,0,0,1,0,0,1,0,0,0,1,0,0,54,50,57,62,41,47,56.26532,74,180,195,9,9,3,0,0,22.01923,19.23,40,2.923077,0,0,1,0,0,0,1,0,0
859,0,1,0,0,1,41,12,0,0,0,0,0,1,0,0,1,0,0,0,1,0,0,44,34,54,47,38,29,42.63434,69,190,200,12,12,4,1,0,21.53846,15,55,15.96154,0,0,1,0,1,0,1,0,0
11875,0,1,0,0,1,38,12,1,0,0,0,0,0,0,0,1,0,1,0,0,0,0,60,61,54,53,52,49,58.99152,70,185,234,12,12,2,0,0,20.5,17.34,40,8.903846,0,1,0,0,1,0,0,1,0
3186,0,1,0,0,1,42,16,0,0,0,1,0,0,0,0,0,1,0,1,0,0,0,50,62,56,53,55,52,60.082,70,160,174,16,16,2,1,1,16.84615,90.71,53,10.88461,0,0,1,0,1,1,0,0,0
2365,0,1,0,0,1,40,12,0,0,0,0,0,1,0,0,1,0,0,0,1,0,0,46,47,39,53,37,56,47.26888,73,193,260,12,12,3,1,0,22.75,15.5,40,7.557693,0,0,1,0,1,0,0,0,1
4998,0,1,0,0,1,39,20,0,0,0,1,0,0,0,1,0,0,0,0,1,0,0,60,59,52,59,57,50,58.99152,71,165,197,16,20,2,1,0,14.07692,21.67,55,4.461538,0,0,1,0,2,0,0,0,1
5274,0,1,0,0,1,42,13,0,0,0,0,0,1,0,0,1,0,0,0,0,0,1,58,43,56,50,37,44,48.90459,72,185,180,12,10,5,1,0,20.63461,14.42,40,9.384615,0,0,1,0,0,0,1,0,0
4430,0,1,0,0,1,39,15,0,0,0,0,1,0,0,0,1,0,0,0,0,1,0,54,61,57,56,58,47,60.62724,76,225,260,9,11,4,1,0,14.36539,22.11,40,3.134615,0,0,1,0,0,0,0,1,0
3815,0,1,0,0,1,38,16,0,0,0,1,0,0,0,1,0,0,0,0,1,0,0,54,65,57,56,51,44,62.80819,73,170,195,12,18,3,1,0,13.92308,51.92,40,3.653846,0,0,1,0,1,1,0,0,0
3760,0,1,0,0,1,38,12,0,0,0,0,0,1,0,1,0,0,0,1,0,0,0,52,53,47,53,46,45,52.72127,71,175,187,12,12,2,1,0,18.53846,28.84,40,7.923077,0,0,1,0,0,0,1,0,0
4771,0,1,0,0,1,45,12,0,0,0,0,0,1,0,0,1,0,0,1,0,0,0,46,49,47,47,62,58,48.90459,70,270,275,12,12,2,0,0,22.25,29.68,56,2.269231,1,0,1,0,0,0,1,0,0
4788,0,1,0,0,1,42,12,0,0,0,0,0,1,0,0,1,0,0,0,1,0,0,46,54,41,56,62,56,52.44865,69,175,210,12,12,4,1,0,22.09615,17.3,50,8.442307,1,0,1,0,0,0,1,0,0
3232,0,1,0,0,1,45,14,0,0,0,0,1,0,0,0,1,0,0,0,0,0,1,54,62,55,47,54,57,58.17366,67,185,220,12,8,4,0,0,21.03846,12.5,40,1.038462,0,1,0,0,0,1,0,0,0
520,0,1,1,0,0,44,16,0,0,0,1,0,0,0,0,1,0,0,1,0,0,0,40,40,46,41,44,50,42.0891,71,185,225,12,8,7,1,0,20.28846,17.62,60,0.6923077,0,0,1,0,1,0,1,0,0
707,0,1,0,0,1,40,14,0,0,0,0,1,0,0,0,0,1,0,1,0,0,0,50,40,55,41,41,48,44.54268,74,230,240,11,10,0,1,0,19.42308,31.25,40,0.2115385,0,0,1,0,2,0,1,0,0
4205,0,1,1,0,0,41,12,0,0,0,0,0,1,0,0,0,1,0,0,1,0,0,34,32,22,26,33,39,27.09503,67,120,150,12,13,4,1,0,18.57692,9.15,40,3.423077,0,0,1,0,1,0,0,0,1
1565,0,1,0,0,1,38,18,0,0,0,1,0,0,0,0,1,0,0,1,0,0,0,68,62,59,56,41,59,61.71771,74,195,215,13,14,2,1,0,13.98077,48.07,40,1.057692,0,0,1,0,1,0,0,1,0
2767,0,1,0,0,1,38,14,0,0,0,0,1,0,0,0,1,0,0,0,0,0,1,46,32,33,44,37,41,35.001,63,110,140,9,10,2,0,1,15.23077,15.38,40,11.09615,0,1,0,0,0,0,0,0,1
489,0,1,0,0,1,41,14,0,0,0,0,0,1,0,0,1,0,0,1,0,0,0,52,65,54,44,55,57,58.7189,73,175,190,12,18,3,0,0,19.55769,34.18,45,4.961538,0,0,1,0,1,0,1,0,0
2702,0,1,0,1,0,44,16,0,0,0,1,0,0,0,0,1,0,0,1,0,0,0,58,59,55,59,56,57,59.80938,68,156,172,5,0,8,1,0,21.15385,18.98,43,1.692308,0,0,1,0,1,0,0,0,1
1602,0,1,0,0,1,38,12,0,0,0,0,0,1,0,0,1,0,0,1,0,0,0,42,46,48,50,54,54,48.35935,72,165,220,12,12,2,0,0,20.15385,14.9,40,4.019231,0,0,1,0,1,0,0,1,0
1958,0,1,0,0,1,42,15,0,0,0,0,0,1,0,0,1,0,0,1,0,0,0,64,54,60,59,52,39,58.44628,75,180,185,13,13,5,0,0,17.98077,15.11,40,4.846154,0,0,1,0,1,0,0,1,0
3582,0,1,0,0,1,40,18,0,0,1,0,0,0,0,0,1,0,0,0,1,0,0,66,58,57,56,62,67,58.99152,70,140,185,12,14,1,1,0,14.67308,28.84,60,2.634615,0,0,1,0,1,0,1,0,0
3595,0,1,0,0,1,41,12,0,0,0,0,0,1,0,0,0,1,0,0,1,0,0,50,57,43,47,62,57,52.17603,75,210,230,12,13,8,1,0,17.34615,24,46,23.55769,0,0,1,0,0,0,1,0,0
1721,0,1,0,1,0,43,12,0,0,0,0,0,0,1,0,1,0,0,0,1,0,0,36,39,31,32,61,40,35.001,65,145,175,2,2,10,0,0,23.23077,75.58,40,23.57692,0,0,1,0,1,0,0,1,0
1481,0,1,1,0,0,44,16,0,0,0,1,0,0,0,0,1,0,0,1,0,0,0,56,59,51,44,51,54,54.6296,73,184,225,12,8,3,0,0,19.96154,23.58,53,5.192307,0,1,0,0,1,0,0,0,1
443,0,1,0,0,1,40,14,0,0,0,0,0,1,0,0,1,0,0,1,0,0,0,68,66,60,59,51,44,64.98915,69,145,160,16,14,1,0,0,16.32692,17.49,42,16.32692,0,0,1,0,0,1,0,0,0
3612,0,1,0,0,1,39,12,0,0,0,0,0,1,0,0,0,1,0,1,0,0,0,44,42,52,44,40,46,45.63316,71,160,210,12,12,4,1,0,14.65385,13.25,40,3.5,1,0,1,0,1,0,1,0,0
277,0,1,0,0,1,42,12,0,0,0,0,0,1,0,1,0,0,0,0,1,0,0,56,42,47,47,52,59,45.08792,70,135,178,16,13,2,1,,21.42308,10,35,14.01923,0,0,1,0,1,1,0,0,0
3852,0,1,0,0,1,37,12,0,0,0,0,0,1,0,1,0,0,0,1,0,0,0,54,39,57,53,49,53,47.81411,73,200,200,12,12,2,1,0,19.32692,17,35,21.73077,1,0,0,0,1,0,1,0,0
4669,0,1,0,0,1,38,14,0,0,0,0,1,0,0,0,1,0,0,1,0,0,0,36,40,35,47,46,38,40.72601,73,160,190,12,16,2,1,0,15.28846,18.5,40,10.57692,0,0,1,0,1,1,0,0,0
2741,0,1,0,0,1,45,12,0,0,0,0,0,1,0,0,1,0,0,1,0,0,0,50,57,54,50,54,52,55.9927,71,200,240,11,4,2,0,0,22.76923,11.3,40,22.98077,0,0,1,0,0,0,0,0,1
3181,0,1,0,0,1,44,19,1,0,0,0,0,0,0,0,1,0,0,1,0,0,0,66,66,61,59,58,54,65.26176,74,190,210,16,16,1,1,,18.80769,94.23,50,10.73077,1,0,1,0,1,0,0,0,1
2051,0,1,0,0,1,38,11,0,0,0,0,0,0,1,0,1,0,0,1,0,0,0,36,38,37,29,42,42,35.27361,66,150,150,12,7,3,1,1,18.69231,7,40,1.692308,0,0,1,0,1,0,0,0,1
4032,0,1,0,0,1,40,12,0,0,0,0,0,1,0,0,1,0,0,1,0,0,0,58,57,60,59,51,50,60.082,73,165,190,12,12,2,1,0,22.25,11,40,6.096154,0,0,1,0,2,0,0,0,1
5410,0,1,0,0,1,39,16,0,0,0,1,0,0,0,0,1,0,0,1,0,0,0,58,47,60,59,62,65,54.6296,72,155,190,16,8,0,1,0,14.23077,23.07,40,7.692307,1,1,0,0,0,1,0,0,0
5418,0,1,0,0,1,39,16,0,0,0,1,0,0,0,0,1,0,0,0,1,0,0,60,58,44,41,57,44,51.35817,73,190,215,15,14,5,1,1,19.67308,21,40,14.53846,0,0,1,0,1,0,1,0,0
5711,0,1,0,0,1,38,12,0,0,0,0,0,1,0,0,1,0,1,0,0,0,0,58,42,52,53,49,44,48.08673,60,165,235,12,12,3,1,1,19.80769,18,40,19.42308,0,0,1,0,0,0,0,1,0
4172,0,1,0,0,1,39,16,0,0,0,1,0,0,0,1,0,0,0,0,1,0,0,68,64,57,56,62,39,62.26295,71,155,160,15,16,1,1,0,9.942307,17.52,45,3.826923,0,0,1,0,0,0,0,0,1
5020,0,1,0,0,1,44,17,0,0,0,1,0,0,0,1,0,0,0,1,0,0,0,68,66,61,56,60,63,64.44391,71,165,180,19,20,2,1,0,15.01923,33.65,40,6.538462,0,0,1,0,1,0,0,1,0
2091,0,1,0,0,1,39,9,0,0,0,0,0,0,1,0,1,0,1,0,0,0,0,40,34,31,23,39,45,29.82122,73,135,145,11,5,10,1,1,14.07692,9,32,6.346154,1,1,0,0,1,0,1,0,0
12068,0,1,0,1,0,39,16,0,0,0,1,0,0,0,1,0,0,0,1,0,0,0,64,55,60,59,48,45,58.99152,68,185,230,20,20,2,1,0,17.69231,18.6,40,16.03846,1,1,0,0,1,0,0,1,0
1950,0,1,0,0,1,40,16,0,0,0,1,0,0,0,1,0,0,0,0,1,0,0,62,46,60,50,60,62,51.63079,77,235,310,12,16,1,1,0,17.07692,16.11,45,1.711538,0,0,1,0,1,1,0,0,0
2168,0,1,0,0,1,42,16,0,0,0,1,0,0,0,0,1,0,0,0,1,0,0,52,61,60,59,62,65,62.26295,72,219,235,14,14,2,1,0,20.32692,18.84,50,7.711538,0,0,1,0,1,0,0,0,1
1659,0,1,0,0,1,38,14,0,0,0,0,0,0,0,0,0,1,0,0,0,0,1,46,55,50,47,52,45,52.99389,67,180,230,12,12,6,1,0,15.67308,7.5,40,1.230769,0,0,1,0,1,0,0,1,0
2034,0,1,0,0,1,41,16,0,0,0,1,0,0,0,0,1,0,0,0,1,0,0,52,54,54,56,58,48,55.9927,69,160,235,11,9,3,1,0,11.30769,20.13,40,0.9807692,1,0,1,0,1,0,1,0,0
2178,0,1,0,0,1,38,16,0,0,0,0,0,1,0,0,0,1,0,0,0,0,1,54,53,54,59,62,47,56.26532,75,202,250,12,16,3,1,0,11.92308,19.23,40,0.3269231,0,1,0,0,0,0,0,0,1
2545,0,1,0,0,1,40,16,0,0,0,1,0,0,0,0,0,1,0,1,0,0,0,54,61,52,59,50,54,60.082,68,160,175,8,8,0,0,0,22.17308,33.55,47,14.42308,0,0,1,0,0,0,1,0,0
741,0,1,0,0,1,38,12,0,0,0,0,0,1,0,0,0,1,0,0,0,0,1,46,50,46,41,61,51,47.5415,70,135,185,12,8,6,1,1,11.17308,8,40,1.288462,0,0,1,0,1,0,1,0,0
11937,0,1,1,0,0,41,20,0,0,1,0,0,0,0,0,1,0,0,1,0,0,0,34,42,38,35,51,29,39.36291,73,185,258,12,12,2,1,0,11.88461,16.99,43,7.942307,1,1,0,0,0,0,0,0,1
88,0,1,1,0,0,45,16,0,0,0,1,0,0,0,0,1,0,0,1,0,0,0,62,64,59,59,55,63,63.62605,72,156,185,12,12,1,1,,20.34615,12.5,40,2.826923,0,0,1,0,1,1,0,0,0
2842,0,1,0,0,1,45,14,0,0,0,0,0,1,0,0,0,1,0,0,1,0,0,52,58,61,59,53,46,60.89985,70,185,200,16,13,1,1,0,22.53846,23.63,55,4.192307,0,0,1,0,1,1,0,0,0
977,0,1,0,0,1,38,12,0,0,0,0,0,1,0,0,1,0,0,1,0,0,0,60,58,60,59,59,57,60.62724,75,180,210,11,12,3,1,0,20.07692,25,40,18.15385,0,0,1,0,1,0,1,0,0
4382,0,1,0,0,1,40,16,0,0,0,1,0,0,0,0,1,0,1,0,0,0,0,68,66,60,62,56,56,65.80701,67,145,180,12,12,2,1,0,8.288462,19.68,42,5.730769,0,0,1,0,1,0,1,0,0
5363,0,1,0,0,1,40,10,0,0,0,0,0,0,1,0,1,0,0,0,0,0,1,52,43,44,47,39,44,44.8153,73,160,185,11,12,3,1,0,21.76923,13.62,60,0.1538462,0,0,1,0,1,0,1,0,0
3857,0,1,0,0,1,39,16,0,0,0,1,0,0,0,0,0,1,0,0,1,0,0,58,66,57,59,58,45,64.17129,71,155,165,12,12,6,1,,16.82692,30.62,40,16.46154,0,0,1,0,1,0,1,0,0
464,0,1,0,0,1,42,14,0,0,0,0,1,0,0,0,1,0,0,1,0,0,0,62,59,55,62,62,64,60.62724,71,180,190,12,12,3,1,0,23.01923,24.03,52,9.5,0,0,1,0,1,1,0,0,0
5494,0,1,0,0,1,40,12,0,0,0,0,0,1,0,0,0,1,0,1,0,0,0,60,45,56,53,49,51,50.81293,73,168,203,12,6,2,0,0,21.25,13,57,0.9038461,0,0,1,0,0,0,0,0,1
3615,0,1,0,0,1,40,12,0,0,0,0,0,1,0,0,1,0,0,1,0,0,0,64,53,61,59,53,52,58.17366,67,145,174,13,12,4,1,0,21.96154,14,40,11.65385,0,0,1,0,1,0,1,0,0
5194,0,1,0,0,1,38,12,0,0,0,0,0,1,0,0,1,0,1,0,0,0,0,60,58,52,56,49,49,57.62842,70,145,215,12,12,4,0,0,18.80769,12,40,0.2307692,0,0,1,0,1,0,0,1,0
2950,0,1,0,0,1,38,16,0,0,0,1,0,0,0,0,1,0,0,0,1,0,0,62,50,59,56,52,47,55.17484,72,175,240,15,19,5,1,0,13.36539,18.75,40,2.903846,0,1,0,0,1,1,0,0,0
4443,0,1,0,0,1,42,12,0,0,0,0,0,1,0,0,1,0,0,0,0,0,1,46,39,52,44,28,47,43.99744,76,190,230,14,12,2,1,0,18.84615,8.77,30,0.25,1,0,1,0,1,0,0,1,0
87,0,1,1,0,0,39,12,0,0,0,0,0,1,0,1,0,0,0,1,0,0,0,38,38,22,32,25,41,32.00218,68,170,159,11,12,7,1,0,18.25,8.5,40,3.326923,0,0,1,0,1,1,0,0,0
5590,0,1,0,0,1,42,16,0,0,0,1,0,0,0,1,0,0,0,1,0,0,0,62,58,55,62,55,46,60.082,71,180,185,12,16,1,1,0,20.48077,18.26,40,1.826923,0,0,1,0,0,0,0,0,1
4575,0,1,0,0,1,41,12,0,0,0,0,0,1,0,0,1,0,0,1,0,0,0,54,36,50,50,46,43,43.4522,69,165,195,12,12,2,0,0,18.59615,27,60,1.096154,1,0,1,0,1,0,0,1,0
3460,0,1,0,0,1,37,12,0,0,0,0,0,1,0,0,1,0,0,0,1,0,0,44,42,38,44,41,40,41.81648,71,140,172,12,12,2,1,0,14.82692,13,40,1.096154,1,0,1,0,0,0,0,0,1
793,0,1,0,0,1,44,16,0,0,0,0,0,1,0,1,0,0,0,0,1,0,0,62,57,60,50,62,59,57.62842,73,175,200,12,17,4,1,0,14.55769,2.5,32,0.4230769,0,0,1,0,1,0,1,0,0
1107,0,1,0,0,1,45,12,0,0,0,0,0,1,0,0,1,0,0,1,0,0,0,60,51,54,56,56,31,54.35698,71,195,210,12,16,0,1,0,23.26923,27.77,45,2,0,0,1,0,0,0,0,0,1
4313,0,1,1,0,0,38,12,0,0,0,0,0,0,1,0,0,1,0,0,0,0,1,34,38,35,35,41,43,36.36409,71,155,170,11,10,6,0,1,9.076923,7.5,40,0.7115384,0,0,1,0,1,0,0,0,1
4720,0,1,0,0,1,45,12,0,0,0,0,0,1,0,0,1,0,0,0,0,0,1,54,58,51,56,48,54,57.3558,71,170,200,12,9,5,1,0,23.17308,21,40,23.53846,1,0,1,0,0,0,1,0,0
5167,0,1,0,0,1,42,12,0,0,0,0,0,1,0,0,1,0,0,1,0,0,0,52,50,48,50,39,41,50.54031,70,170,195,11,8,3,0,0,23.17308,20.5,48,15.01923,0,0,1,0,1,0,0,1,0
2773,0,1,1,0,0,40,14,0,0,0,0,0,1,0,0,1,0,0,1,0,0,0,40,43,47,41,48,47,43.99744,72,200,270,11,5,0,0,0,18.57692,10.09,40,13.21154,0,1,0,0,1,0,0,0,1
3392,0,1,1,0,0,45,13,0,0,0,0,0,1,0,1,0,0,0,1,0,0,0,46,40,55,50,41,44,46.99625,68,190,195,14,12,4,1,0,16.42308,21.63,40,10.05769,0,0,1,0,1,0,1,0,0
5579,0,1,0,0,1,40,12,0,0,0,0,0,1,0,0,1,0,0,1,0,0,0,44,54,44,56,60,49,53.26651,72,245,280,10,12,3,0,0,22.28846,41.25,40,7.692307,0,0,1,0,1,0,0,0,1
3833,0,1,0,0,1,38,12,0,0,0,0,0,1,0,0,0,1,0,1,0,0,0,52,51,48,47,57,54,50.26769,72,175,205,12,12,2,0,0,17.55769,13.33,45,3.711539,0,0,1,0,1,0,1,0,0
4633,0,1,0,0,1,42,13,0,0,0,0,0,1,0,0,1,0,0,1,0,0,0,54,47,54,44,54,38,48.90459,71,170,195,12,12,3,1,0,21.19231,36,50,4.615385,1,0,1,0,1,0,0,1,0
3887,0,1,0,0,1,40,20,1,0,0,0,0,0,0,0,1,0,0,1,0,0,0,68,66,61,62,62,60,66.07963,75,205,280,14,17,2,1,0,10.86539,109.61,50,0.0384615,1,0,1,0,0,0,1,0,0
2233,0,1,0,0,1,37,16,0,0,0,1,0,0,0,0,1,0,0,1,0,0,0,50,39,51,56,60,45,46.99625,77,205,260,13,16,1,0,,14.92308,25.48,40,4.076923,0,0,1,0,0,0,0,0,1
725,0,1,0,0,1,38,20,0,0,0,1,0,0,0,0,0,1,0,1,0,0,0,68,65,59,59,62,57,64.17129,69,160,185,17,19,1,1,0,9.903846,33.41,40,14.03846,1,1,0,0,0,0,1,0,0
1393,0,1,0,0,1,43,15,0,0,0,0,1,0,0,0,1,0,0,0,0,0,1,56,53,59,56,54,56,56.81056,73,205,225,12,16,3,1,0,19.51923,18.26,40,3.192308,0,0,1,0,1,0,0,0,1
4504,0,1,0,0,1,40,12,0,0,0,0,0,0,1,0,0,1,0,1,0,0,0,30,36,26,20,30,37,28.73074,66,155,160,12,16,4,1,1,6.538462,6,30,0.4615385,0,0,1,0,2,0,0,1,0
4794,0,1,0,0,1,38,14,0,0,0,0,1,0,0,0,0,1,0,0,1,0,0,46,58,48,50,49,45,54.90222,74,187,205,12,12,3,1,0,11.84615,19.23,40,4.365385,0,0,0,1,1,0,0,0,1
4106,0,1,0,0,1,39,16,0,0,0,1,0,0,0,0,0,1,-3,-3,-3,-3,-3,62,62,61,59,42,47,63.08081,69,155,160,16,17,1,1,0,15.5,20,40,1.230769,0,0,1,0,0,0,0,0,1
380,0,1,1,0,0,44,11,0,0,0,0,0,0,1,0,1,0,0,1,0,0,0,42,42,37,20,36,32,35.001,73,175,250,12,10,4,0,0,14.03846,6.66,45,2.365385,0,0,1,0,0,0,0,0,1
1569,0,1,0,0,1,40,16,0,0,0,1,0,0,0,0,1,0,0,0,1,0,0,68,55,60,56,41,37,58.17366,74,160,185,12,12,4,0,0,15.51923,23.17,40,9.980769,1,1,0,0,1,0,0,1,0
1396,0,1,0,0,1,38,12,0,0,0,0,0,1,0,0,1,0,0,1,0,0,0,44,43,51,44,46,43,45.90578,74,160,200,12,10,1,1,0,20.75,17.76,40,18.03846,0,0,1,0,1,0,0,0,1
2811,0,1,0,0,1,38,12,0,0,0,0,0,1,0,0,1,0,0,1,0,0,0,46,39,46,35,50,47,39.90815,73,230,260,10,12,3,1,0,17.92308,11,40,14.11539,1,0,1,0,0,0,0,0,1
1759,0,1,1,0,0,41,13,0,0,0,0,0,1,0,0,1,0,0,1,0,0,0,46,39,35,41,47,31,38.54505,66,131,160,12,11,1,1,1,17.36539,11,40,9.269231,1,0,1,0,1,0,0,1,0
3766,0,1,0,0,1,43,15,0,0,0,0,0,1,0,0,1,0,0,1,0,0,0,66,59,61,53,62,56,59.80938,67,155,160,12,20,3,1,0,14.17308,39.66,48,13.34615,1,0,1,0,1,0,1,0,0
4858,0,1,0,0,1,42,12,0,0,0,0,0,1,0,0,1,0,0,1,0,0,0,56,58,56,56,62,55,58.7189,73,190,220,12,12,1,1,0,23.30769,33.47,40,21.13461,0,0,1,0,0,0,0,0,1
902,0,1,0,0,1,39,17,0,0,0,1,0,0,0,0,1,0,0,1,0,0,0,54,59,54,59,57,47,59.53675,74,205,240,13,16,1,1,0,16.09615,23.29,52,21.11539,0,1,0,0,0,0,1,0,0
2547,0,1,1,0,0,37,12,0,0,0,0,0,1,0,0,0,1,0,1,0,0,0,50,43,48,47,41,37,45.90578,69,160,175,12,8,3,0,0,15.36539,18.56,40,11.92308,1,0,1,0,0,0,1,0,0
549,0,1,0,0,1,41,12,0,0,0,0,0,1,0,0,1,0,0,1,0,0,0,50,46,54,44,52,50,48.35935,69,152,170,12,16,3,1,,22.15385,23.5,45,1.615385,1,0,1,0,1,0,1,0,0
2145,0,1,0,0,1,44,13,0,0,0,0,0,1,0,0,1,0,0,1,0,0,0,56,49,55,62,51,53,55.17484,69,140,150,12,12,2,0,0,20.76923,14.42,40,6.75,0,0,1,0,1,0,0,0,1
1957,0,1,0,0,1,42,12,0,0,0,0,0,1,0,0,1,0,0,1,0,0,0,28,43,34,29,26,37,37.18195,75,164,170,12,12,3,0,0,22.42308,9.37,16,1.923077,0,0,1,0,1,1,0,0,0
12084,0,1,0,0,1,44,12,0,0,0,0,0,1,0,0,1,0,0,1,0,0,0,58,53,57,56,46,50,56.26532,72,173,200,12,8,5,1,0,20.94231,11,40,9.711538,0,0,1,0,2,0,0,1,0
2665,0,1,0,1,0,40,12,0,0,0,0,0,1,0,0,1,0,0,0,1,0,0,44,39,46,44,39,52,42.36172,66,187,280,8,2,2,1,1,16.65385,6.11,36,0.0769231,0,0,1,0,1,0,0,0,1
701,0,1,0,0,1,42,9,0,0,0,0,0,0,1,1,0,0,0,0,0,0,1,42,31,43,41,30,39,36.36409,67,125,125,12,12,2,1,0,15.34615,6.5,38,1.134615,0,0,1,0,1,0,1,0,0
5420,0,1,0,0,1,39,16,0,0,0,1,0,0,0,0,1,0,0,1,0,0,0,56,62,56,59,62,50,61.71771,76,195,210,12,12,3,0,0,17.26923,33.21,55,15.96154,0,0,1,0,1,0,1,0,0
833,0,1,1,0,0,37,13,0,0,0,0,0,1,0,0,1,0,0,1,0,0,0,32,36,35,23,46,35,32.00218,70,145,205,12,12,8,1,,3.673077,12.5,40,2.769231,1,0,1,0,1,0,1,0,0
2999,0,1,0,0,1,43,13,0,0,0,0,0,1,0,0,0,1,0,0,1,0,0,58,59,59,53,56,55,59.26414,66,140,165,8,8,3,1,0,21.48077,15.86,52,11.13461,0,0,1,0,1,1,0,0,0
1916,0,1,0,0,1,39,19,0,0,0,1,0,0,0,0,1,0,0,1,0,0,0,58,54,57,44,52,56,53.53913,72,150,175,16,16,2,1,0,12.40385,33.92,40,11.25,1,1,0,0,1,0,0,1,0
410,0,1,0,0,1,41,12,0,0,0,0,0,1,0,0,1,0,0,1,0,0,0,62,51,60,53,55,51,55.17484,71,195,240,12,12,5,0,0,19.46154,11.96,45,6.134615,0,0,1,0,0,0,0,0,1
5054,0,1,0,0,1,41,20,0,0,1,0,0,0,0,0,1,0,0,1,0,0,0,62,50,52,53,55,56,52.44865,75,240,265,12,12,2,1,1,13.67308,13.73,42,6.769231,0,1,0,0,0,1,0,0,0
12102,0,1,0,1,0,40,16,0,0,0,1,0,0,0,0,1,0,0,0,1,0,0,48,57,50,56,46,54,56.53794,66,145,135,17,16,2,1,0,18.30769,38.46,40,17.92308,1,1,0,0,1,0,0,1,0
5211,0,1,0,0,1,38,12,0,0,0,0,0,1,0,0,1,0,0,1,0,0,0,52,38,41,35,30,39,37.99981,74,170,210,12,7,3,1,0,15.94231,15,40,7.076923,0,0,1,0,1,0,0,1,0
4010,0,1,0,0,1,37,19,0,0,1,0,0,0,0,1,0,0,0,0,1,0,0,58,55,54,53,62,35,55.72008,65,120,146,16,12,3,1,0,10.38461,18.31,40,4.826923,0,1,0,0,1,0,0,0,1
2024,0,1,0,0,1,42,15,0,0,0,1,0,0,0,0,0,1,0,1,0,0,0,64,65,59,59,57,56,64.17129,71,190,220,17,20,1,1,0,17.84615,17.02,40,1.461538,1,0,1,0,1,0,1,0,0
39,0,1,0,0,1,43,12,0,0,0,0,0,1,0,0,1,0,0,1,0,0,0,50,47,46,47,52,31,47.5415,72,180,195,12,12,4,1,0,22.57692,28.84,50,17.55769,0,0,1,0,1,0,0,0,1
5461,0,1,0,0,1,37,8,0,0,0,0,0,0,1,0,0,1,0,1,0,0,0,34,34,28,26,23,27,29.82122,68,135,170,7,4,7,0,0,17.13461,18.66,58,4.576923,1,0,1,0,0,0,0,0,1
644,0,1,0,0,1,44,20,1,0,0,0,0,0,0,0,1,0,0,1,0,0,0,64,58,61,59,53,48,60.89985,72,175,184,12,14,2,1,0,14.15385,54.48,60,4.538462,1,0,1,0,1,0,0,1,0
1992,0,1,0,0,1,38,13,0,0,0,0,0,1,0,0,1,0,0,1,0,0,0,42,39,37,44,42,48,39.90815,68,155,185,12,3,4,1,0,14.21154,18,40,2.942308,0,0,1,0,1,0,1,0,0
11976,0,1,0,1,0,39,12,0,0,0,0,0,1,0,1,0,0,0,0,1,0,0,32,42,26,38,30,48,36.90933,72,185,282,5,14,6,1,1,21.01923,12.4,35,5.038462,0,1,0,0,1,1,0,0,0
4831,0,1,0,0,1,37,18,0,0,1,0,0,0,0,1,0,0,0,0,1,0,0,54,61,59,62,44,45,62.80819,70,140,150,13,16,4,0,0,13.28846,23.07,40,1.115385,0,1,0,0,1,0,1,0,0
2218,0,1,0,0,1,37,16,0,0,0,1,0,0,0,0,1,0,0,1,0,0,0,48,55,52,50,62,56,54.35698,73,205,205,14,16,2,1,0,16.03846,27.49,40,15.67308,0,1,0,0,1,0,0,0,1
1663,0,1,0,1,0,38,12,0,0,0,0,1,0,0,0,0,1,0,0,1,0,0,54,43,46,41,41,41,43.72482,68,153,178,12,12,7,1,0,5.711538,22,60,1.153846,0,0,1,0,1,0,0,1,0
11941,0,1,0,0,1,38,13,0,0,0,0,0,1,0,1,0,0,0,0,1,0,0,56,46,47,38,36,38,44.8153,74,165,210,12,10,3,1,0,12.55769,23,55,4.442307,1,0,1,0,0,0,1,0,0
1273,0,1,0,0,1,40,13,0,0,0,0,0,1,0,0,1,0,0,1,0,0,0,62,61,55,50,41,41,58.44628,67,160,200,12,9,2,1,0,20.98077,7.81,32,2.538461,0,0,1,0,1,0,0,0,1
647,0,1,0,0,1,41,12,0,0,0,0,0,1,0,0,1,0,0,1,0,0,0,58,49,57,44,52,57,50.81293,70,160,185,12,18,1,1,0,22.11539,19.61,50,17.21154,1,1,0,0,1,0,0,0,1
4090,0,1,0,0,1,38,12,0,0,0,0,0,1,0,0,0,1,0,1,0,0,0,54,51,47,47,40,47,49.99507,68,140,165,12,7,1,0,0,21.21154,21.37,40,12.94231,0,0,1,0,0,0,0,0,1
11972,0,1,0,1,0,40,20,0,0,1,0,0,0,0,0,1,0,0,0,1,0,0,36,45,50,47,51,47,47.5415,67,135,160,12,15,2,1,0,13.44231,40,50,5.461538,0,1,0,0,1,0,0,0,1
11957,0,1,0,0,1,45,13,0,0,0,0,0,1,0,0,0,1,0,0,1,0,0,50,40,55,53,43,43,47.81411,75,170,195,12,12,2,1,0,23.07692,10.62,40,8.115385,0,0,1,0,1,0,0,0,1
273,0,1,0,0,1,42,15,0,0,0,0,1,0,0,0,1,0,0,0,1,0,0,48,57,59,47,61,57,56.53794,72,176,220,12,12,6,1,0,21.73077,16.15,50,0.3461539,1,0,1,0,1,0,0,0,1
2861,0,1,0,0,1,39,17,0,0,1,0,0,0,0,0,1,0,0,0,0,0,1,68,66,61,59,62,57,65.26176,69,162,190,14,15,1,1,0,15.5,39.86,55,15.05769,0,0,1,0,1,1,0,0,0
2000,0,1,0,0,1,41,12,0,0,0,0,0,1,0,0,1,0,0,1,0,0,0,46,55,47,41,51,54,50.54031,67,220,243,12,12,6,1,,22.71154,15.25,45,9.519231,0,0,1,0,1,0,1,0,0
2468,0,1,0,0,1,39,16,0,0,0,1,0,0,0,0,0,1,0,0,0,0,1,58,64,54,59,61,58,62.26295,75,210,260,14,16,1,1,,18.5,76.92,50,1.769231,0,0,1,0,1,0,0,1,0
3550,0,1,0,0,1,42,12,0,0,0,0,0,1,0,0,1,0,0,1,0,0,0,48,64,48,53,60,48,58.99152,71,227,265,9,9,6,1,0,21.73077,16.27,40,20.73077,1,0,1,0,0,0,1,0,0
5187,0,1,0,0,1,41,13,0,0,0,0,0,1,0,0,0,1,1,0,0,0,0,54,53,56,50,60,46,54.35698,71,140,140,14,14,1,1,0,21.46154,12,50,6.480769,0,0,1,0,1,0,0,1,0
1340,0,1,0,0,1,45,12,0,0,0,0,0,1,0,0,1,0,0,0,0,0,1,46,40,35,53,46,41,42.36172,67,212,280,11,4,2,1,0,17.86539,8.4,47,9.961538,0,0,1,0,0,0,0,0,1
1345,0,1,0,0,1,44,12,0,0,0,0,0,1,0,0,0,1,0,1,0,0,0,48,61,44,53,59,51,56.26532,76,235,325,10,12,3,1,0,23.32692,26.49,45,15.36539,0,0,1,0,0,0,0,0,1
4321,0,1,0,1,0,40,12,0,0,0,0,0,1,0,0,1,0,0,0,1,0,0,54,46,47,41,53,38,45.63316,67,182,185,11,14,4,1,,22.30769,23.25,40,17.44231,1,0,1,0,1,0,0,1,0
3967,0,1,0,1,0,44,16,0,0,0,1,0,0,0,0,1,0,0,0,1,0,0,56,64,51,56,54,55,60.62724,73,190,200,14,18,1,1,0,21.73077,41.02,45,21.78846,0,0,1,0,1,0,0,0,1
5185,0,1,0,0,1,38,20,0,0,0,1,0,0,0,0,1,0,0,1,0,0,0,60,61,56,59,52,48,61.17247,71,185,230,12,12,1,1,0,12.59615,23.07,45,0.8846154,0,1,0,0,1,0,0,1,0
11822,0,1,0,0,1,38,12,0,0,0,0,0,1,0,0,1,0,0,1,0,0,0,52,42,51,44,43,45,45.36054,73,200,270,12,17,3,1,0,18,23.6,40,6.480769,0,0,1,0,1,0,1,0,0
3431,0,1,0,0,1,38,17,0,0,0,1,0,0,0,0,1,0,0,1,0,0,0,68,66,61,59,49,54,65.26176,70,160,185,16,16,6,1,0,16.09615,47,45,13.94231,0,0,1,0,1,0,1,0,0
5235,0,1,0,0,1,38,14,0,0,0,0,0,1,0,0,0,1,0,1,0,0,0,44,46,39,23,40,41,38.54505,72,185,250,10,12,3,1,0,17.63461,25.58,40,4.980769,1,1,0,0,1,0,0,1,0
5677,0,1,0,0,1,37,12,0,0,0,0,0,1,0,0,1,0,0,1,0,0,0,50,49,55,47,41,47,51.08555,72,195,220,12,11,1,1,0,15.5,28,40,14.42308,1,0,1,0,0,0,0,1,0
3838,0,1,0,0,1,37,12,0,0,0,0,0,1,0,1,0,0,0,0,1,0,0,38,42,48,53,61,53,46.99625,72,165,210,12,12,3,1,0,17.94231,19.23,50,1.807692,0,0,1,0,1,0,1,0,0
1924,0,1,0,0,1,39,16,0,0,0,1,0,0,0,0,1,0,0,1,0,0,0,44,45,46,47,53,55,46.45102,72,165,225,11,16,3,1,0,18.40385,18.88,45,3.403846,0,0,1,0,1,1,0,0,0
3172,0,1,0,0,1,43,20,0,1,0,0,0,0,0,0,1,0,0,0,0,1,0,66,66,60,62,62,63,65.80701,68,137,145,16,20,2,1,,15.92308,3.36,60,11.09615,1,0,1,0,1,0,1,0,0
2087,0,1,0,0,1,41,12,0,0,0,0,0,1,0,0,1,0,0,0,1,0,0,50,53,54,47,49,42,52.99389,70,145,140,12,12,6,1,0,22.88461,18,40,22.98077,1,1,0,0,1,0,1,0,0
4710,0,1,1,0,0,45,12,0,0,0,0,0,1,0,1,0,0,0,1,0,0,0,36,40,35,41,52,48,39.09029,70,195,220,10,10,6,1,0,19.69231,9.5,37,9.653846,0,0,1,0,0,1,0,0,0
832,0,1,1,0,0,40,12,0,0,0,0,0,1,0,0,0,1,0,1,0,0,0,42,42,44,47,42,44,44.27006,71,180,210,12,12,8,1,0,13.19231,6.5,25,0.6538461,0,0,1,0,1,0,0,1,0
3400,0,1,0,0,1,42,12,0,0,0,0,0,1,0,0,0,1,0,1,0,0,0,52,38,51,38,31,45,41.54387,73,180,200,12,12,4,1,0,21.48077,27,50,4.423077,1,0,1,0,1,0,1,0,0
4892,0,1,0,0,1,41,16,0,0,0,1,0,0,0,0,1,0,0,1,0,0,0,58,59,54,50,54,54,57.08318,68,170,185,12,16,5,1,0,16.80769,23.07,50,13.28846,0,0,1,0,0,0,1,0,0
4634,0,1,0,0,1,41,17,0,0,1,0,0,0,0,0,1,0,0,1,0,0,0,50,55,54,56,52,50,56.53794,71,255,230,12,14,3,1,0,16.46154,117.78,40,1.711538,0,0,1,0,1,0,0,1,0
3224,0,1,0,0,1,43,17,0,0,1,0,0,0,0,0,0,1,0,1,0,0,0,66,62,61,50,50,54,60.62724,72,170,175,15,16,1,0,0,18.76923,33.65,60,2.288461,0,0,1,0,1,1,0,0,0
872,0,1,0,0,1,42,16,0,0,0,1,0,0,0,0,1,0,0,0,1,0,0,68,58,61,47,55,66,57.62842,71,180,220,16,17,4,1,0,18.63461,52.13,45,7.096154,0,0,1,0,1,0,1,0,0
3235,0,1,0,0,1,42,12,0,0,0,0,0,1,0,0,1,0,0,0,0,0,1,50,61,54,59,53,55,60.62724,65,150,185,12,10,4,0,0,22.96154,10.65,40,4.730769,0,0,1,0,2,1,0,0,0
1169,0,1,0,0,1,43,12,0,0,0,0,0,1,0,0,1,0,0,1,0,0,0,60,57,57,50,41,45,56.81056,71,155,200,12,14,3,1,0,22,23.33,30,0.7692308,0,0,1,0,0,0,0,0,1
702,0,1,0,0,1,41,12,0,0,0,0,0,1,0,0,0,1,0,0,0,0,1,46,39,50,50,35,42,45.08792,69,130,170,12,12,2,1,0,9.634615,8.5,40,0.1730769,0,0,1,0,1,0,1,0,0
3055,0,1,0,0,1,39,12,0,0,0,0,0,1,0,0,1,0,0,0,1,0,0,40,40,42,29,41,41,37.72719,75,165,175,12,8,2,0,0,15.57692,12.5,50,14.07692,0,0,1,0,0,1,0,0,0
2489,0,1,0,0,1,42,13,0,0,0,0,0,1,0,0,1,0,0,1,0,0,0,54,59,51,50,61,54,56.26532,70,165,220,12,12,4,1,0,19.26923,12.98,40,12.73077,1,0,1,0,1,0,1,0,0
4676,0,1,0,0,1,40,12,0,0,0,0,0,1,0,1,0,0,0,0,1,0,0,60,64,55,59,62,56,62.53557,71,176,260,12,12,2,1,1,21.65385,19.92,40,8.673077,0,0,1,0,1,1,0,0,0
922,0,1,0,0,1,42,12,0,0,0,0,0,1,0,0,1,0,0,1,0,0,0,56,49,52,59,60,44,53.53913,76,235,285,10,11,6,1,0,20.55769,31.53,50,0.8269231,0,0,1,0,1,0,1,0,0
631,0,1,0,0,1,43,11,0,0,0,0,0,0,1,0,1,0,0,1,0,0,0,50,42,42,47,46,43,43.72482,70,145,146,10,9,12,0,0,22.53846,10.55,45,16.36539,0,0,1,0,2,0,1,0,0
3169,0,1,0,0,1,43,16,0,0,0,1,0,0,0,0,1,0,0,0,0,1,0,68,65,60,56,60,68,63.62605,70,153,180,17,16,1,1,0,19,184.91,52,1.096154,0,0,1,0,1,1,0,0,0
417,0,1,0,0,1,41,12,0,0,0,0,0,1,0,0,1,0,0,0,1,0,0,60,47,61,53,41,44,53.26651,72,170,210,12,16,1,1,0,21.84615,19.23,40,7.346154,1,1,0,0,1,1,0,0,0
3170,0,1,0,0,1,41,19,1,0,0,0,0,0,0,0,1,0,0,0,0,1,0,64,66,61,62,62,63,66.07963,72,162,175,16,16,1,1,0,17,34.96,55,12.42308,0,0,1,0,1,1,0,0,0
679,0,1,1,0,0,44,12,0,0,0,0,0,1,0,0,0,1,0,1,0,0,0,34,43,31,32,30,36,37.18195,69,150,200,8,4,10,1,1,17,3.84,50,3.25,0,0,1,0,1,0,1,0,0
2135,0,1,0,0,1,39,12,0,0,0,0,0,0,1,0,1,0,0,1,0,0,0,54,43,41,23,35,29,37.45457,74,200,250,10,8,0,0,0,16.82692,21.23,48,16.01923,1,0,1,0,0,0,0,0,1
350,0,1,0,0,1,40,17,0,0,0,1,0,0,0,0,1,0,0,0,1,0,0,52,46,48,53,49,47,49.17721,69,175,215,12,12,4,1,0,15.34615,30.25,40,16.25,0,0,1,0,1,1,0,0,0
3743,0,1,0,0,1,40,18,0,0,1,0,0,0,0,0,1,0,0,1,0,0,0,60,65,60,56,62,67,63.62605,69,150,165,12,11,1,0,0,19.25,42.63,60,21.01923,0,0,1,0,1,0,1,0,0
198,0,1,0,0,1,39,18,0,0,0,1,0,0,0,0,1,0,0,1,0,0,0,58,57,51,44,62,57,53.53913,70,155,185,16,17,1,1,0,16.32692,34.02,52,19.78846,0,0,1,0,1,0,0,1,0
2520,0,1,0,0,1,39,18,0,0,1,0,0,0,0,0,1,0,0,1,0,0,0,58,65,56,56,44,54,62.53557,71,190,235,13,20,2,1,0,12.82692,29.02,53,4.384615,0,0,1,0,0,0,1,0,0
3203,0,1,0,0,1,39,12,0,0,0,0,0,1,0,0,1,0,0,1,0,0,0,50,54,34,50,44,47,48.90459,69,158,235,10,8,4,1,0,18.80769,13,55,8.326923,0,0,1,0,1,1,0,0,0
1503,0,1,0,0,1,38,20,0,1,0,0,0,0,0,0,1,0,0,1,0,0,0,56,64,57,50,53,52,60.62724,70,140,180,16,18,1,1,0,8.788462,18.63,50,6.384615,0,1,0,0,1,0,0,0,1
5592,0,1,0,0,1,42,19,0,0,1,0,0,0,0,1,0,0,0,1,0,0,0,62,64,60,62,51,57,64.71653,67,210,190,14,10,0,0,0,10.59615,20,40,2.153846,0,0,1,0,1,0,0,0,1
3515,0,1,0,0,1,44,18,0,0,1,0,0,0,0,0,1,0,0,0,0,0,1,66,65,60,62,61,54,65.26176,68,160,180,16,18,1,1,0,17.76923,36.32,45,19.38461,0,0,1,0,1,0,1,0,0
4298,0,1,0,0,1,39,16,0,0,0,1,0,0,0,0,1,0,0,1,0,0,0,60,64,54,62,52,49,63.08081,71,180,170,12,12,5,1,0,14.96154,31.81,55,3.096154,0,0,1,0,1,0,0,0,1
5402,0,1,0,0,1,43,12,0,0,0,0,0,1,0,0,1,0,0,1,0,0,0,46,36,48,47,52,32,42.0891,72,220,230,12,18,6,0,0,21.55769,19.23,40,13.73077,1,0,1,0,1,0,1,0,0
4770,0,1,0,0,1,38,12,0,0,0,0,0,1,0,0,1,0,0,1,0,0,0,44,57,43,47,49,51,52.17603,73,145,190,12,10,3,1,0,19.21154,13.95,40,13.63461,1,0,1,0,1,0,1,0,0
422,0,1,0,0,1,43,19,0,0,1,0,0,0,0,0,1,0,0,0,0,1,0,68,66,61,59,62,63,65.26176,67,165,180,16,20,2,1,0,18.38461,32.05,45,14.03846,0,0,1,0,1,1,0,0,0
4756,0,1,0,0,1,39,18,0,0,1,0,0,0,0,0,1,0,0,1,0,0,0,68,66,61,62,62,57,66.07963,70,170,200,13,14,1,1,0,12.84615,51.28,45,1.384615,0,0,1,0,0,0,0,0,1
5334,0,1,0,0,1,41,16,0,0,0,1,0,0,0,0,0,1,0,1,0,0,0,46,57,46,53,62,56,54.6296,72,165,190,19,16,2,1,0,18.96154,30.76,50,0.2884615,0,0,1,0,1,0,1,0,0
3215,0,1,0,0,1,44,12,0,0,0,0,0,1,0,0,0,1,0,0,1,0,0,62,53,60,59,51,42,57.90104,70,153,160,12,16,5,1,0,22.84615,17.3,40,22.42308,0,1,0,0,1,1,0,0,0
5493,0,1,0,0,1,42,12,0,0,0,0,0,1,0,0,1,0,0,1,0,0,0,54,43,54,47,53,51,47.5415,71,190,215,12,5,2,1,0,21.38461,13.8,40,3.173077,0,0,1,0,0,0,0,0,1
776,0,1,0,0,1,41,17,0,0,0,1,0,0,0,0,1,0,0,1,0,0,0,66,64,60,59,62,57,63.89867,69,147,165,12,13,2,1,0,15.40385,59,44,2.288461,0,0,1,0,1,0,1,0,0
3930,0,1,0,0,1,41,12,0,0,0,0,0,1,0,0,1,0,0,1,0,0,0,58,46,54,50,53,52,49.99507,67,136,170,12,11,4,1,0,21.61539,12.95,40,8.480769,0,0,1,0,1,0,0,0,1
1287,0,1,1,0,0,40,14,0,0,0,0,0,1,0,0,1,0,0,1,0,0,0,28,38,37,29,36,44,35.27361,72,235,245,12,12,2,0,0,19.15385,14,60,0.4423077,1,0,1,0,1,0,0,0,1
199,0,1,0,0,1,43,12,0,0,0,0,0,1,0,0,1,0,0,0,1,0,0,42,34,51,38,53,54,39.36291,66,170,180,12,12,2,1,0,22.15385,20,45,5.75,0,0,1,0,1,1,0,0,0
5147,0,1,0,1,0,44,12,0,0,0,0,1,0,0,0,1,0,0,0,1,0,0,46,47,52,59,53,61,52.44865,75,205,238,14,6,3,1,0,22.76923,32.05,45,24.94231,1,0,1,0,1,0,0,1,0
11820,0,1,0,0,1,40,16,0,0,0,1,0,0,0,0,1,0,0,1,0,0,0,64,50,52,56,48,45,53.26651,72,170,190,14,18,3,1,0,17.42308,20,40,0.6538461,0,0,1,0,1,0,0,1,0
5029,0,1,0,0,1,40,16,0,0,0,0,0,0,0,0,1,0,0,1,0,0,0,68,66,61,62,62,68,66.07963,72,170,165,14,16,1,1,0,17.57692,52.85,55,9.538462,0,0,1,0,1,0,0,0,1
3765,0,1,0,0,1,38,12,0,0,0,0,0,1,0,0,1,0,0,0,1,0,0,60,61,56,59,62,45,61.17247,73,160,185,12,10,3,0,,20.21154,18,40,0.7115384,0,0,1,0,1,0,1,0,0
3638,0,1,0,0,1,42,12,0,0,0,0,0,1,0,0,1,0,0,1,0,0,0,54,57,39,32,50,50,46.99625,68,157,190,8,9,5,0,1,16.98077,31.25,40,9.846154,0,1,0,0,0,0,1,0,0
2504,0,1,0,0,1,42,12,0,0,0,0,0,1,0,1,0,0,0,0,0,0,1,48,54,54,56,44,49,55.9927,70,180,210,10,12,2,0,0,19.30769,8,40,8.788462,0,0,1,0,0,0,1,0,0
1632,0,1,0,0,1,38,18,0,0,0,1,0,0,0,0,0,1,0,0,1,0,0,66,66,59,62,58,56,65.53439,72,175,230,12,16,3,1,0,15.67308,31.73,40,15.23077,1,0,1,0,1,0,0,1,0
3540,0,1,1,0,0,41,11,0,0,0,0,0,0,1,1,0,0,0,1,0,0,0,40,40,54,47,40,41,45.90578,71,167,200,11,16,3,1,0,16.75,12.2,40,2.365385,1,0,1,0,1,0,1,0,0
11809,0,1,0,0,1,38,16,0,0,0,1,0,0,0,1,0,0,0,1,0,0,0,50,58,54,44,59,48,54.90222,74,175,242,12,12,1,1,0,15.15385,21.87,40,2.134615,0,0,1,0,1,0,0,0,1
2813,0,1,0,0,1,42,16,0,0,0,1,0,0,0,0,1,0,0,0,0,0,1,64,65,55,62,50,54,63.89867,73,170,200,12,12,4,0,0,21.17308,18.5,40,4.211538,0,0,1,0,0,0,0,0,1
2144,0,1,0,0,1,42,16,0,0,0,1,0,0,0,1,0,0,0,1,0,0,0,64,62,61,62,61,54,63.89867,71,165,215,14,14,0,1,0,15.13461,24.51,40,7.365385,0,0,1,0,0,0,0,0,1
3825,0,1,1,0,0,41,12,0,0,0,0,0,0,1,1,0,0,-3,-3,-3,-3,-3,38,35,42,29,28,41,35.001,69,167,195,6,7,2,1,1,16.21154,9.25,40,12.05769,0,0,1,0,1,0,1,0,0
2682,0,1,0,1,0,38,12,0,0,0,0,0,1,0,0,1,0,0,0,1,0,0,32,39,34,20,41,42,32.54742,67,139,174,3,5,12,0,1,19.59615,10,40,0.6923077,0,0,1,0,2,0,0,0,1
5033,0,1,0,0,1,42,12,0,0,0,0,0,1,0,0,1,0,0,0,1,0,0,58,59,57,53,62,54,58.7189,70,190,215,12,12,1,1,,23.23077,23.45,40,6.019231,0,0,1,0,1,0,0,0,1
11924,0,1,0,0,1,42,13,0,0,0,0,0,1,0,0,1,0,0,0,1,0,0,62,66,59,59,62,54,64.71653,74,235,279,12,12,6,0,0,22.09615,17.74,55,23.23077,0,0,1,0,0,0,1,0,0
12119,0,1,0,0,1,44,18,0,0,0,1,0,0,0,0,1,0,0,1,0,0,0,50,58,56,53,53,55,57.90104,69,170,175,14,16,5,1,1,19.86539,17.3,50,12.84615,0,1,0,0,1,0,0,0,1
3453,0,1,0,0,1,38,12,0,0,0,0,0,1,0,0,1,0,0,1,0,0,0,46,34,46,44,40,41,39.63553,72,154,168,12,8,1,0,0,20.26923,28.32,55,3.346154,0,0,1,0,2,0,1,0,0
1386,0,1,1,0,0,41,12,0,0,0,0,0,1,0,0,1,0,0,1,0,0,0,40,39,43,44,52,42,41.54387,68,155,175,14,12,4,1,1,9.615385,15.75,47,8.980769,0,0,1,0,0,0,0,0,1
11952,0,1,1,0,0,39,9,0,0,0,0,0,0,1,0,0,1,0,0,0,0,1,32,36,29,26,25,28,31.18432,73,180,238,9,7,3,0,1,4.019231,7.35,40,0.5769231,0,1,0,0,0,0,0,0,1
2760,0,1,0,0,1,37,12,0,0,0,0,0,1,0,0,1,0,0,1,0,0,0,48,49,47,50,40,44,49.72245,71,185,210,12,12,5,0,1,18.23077,14.86,37,6.096154,0,0,1,0,0,0,0,0,1
1515,0,1,0,0,1,40,12,0,0,0,0,0,1,0,0,1,0,0,1,0,0,0,48,47,51,44,52,52,48.08673,71,205,250,12,11,2,1,0,22.01923,22.37,55,7.288462,0,0,1,0,1,0,0,0,1
3561,0,1,0,0,1,38,12,0,0,0,0,0,1,0,1,0,0,0,0,1,0,0,38,38,30,20,27,34,30.9117,69,205,230,12,10,4,0,0,17.67308,15.55,48,13.28846,1,0,1,0,1,0,1,0,0
76,0,1,0,0,1,38,14,0,0,0,0,0,1,0,0,1,0,0,0,0,0,1,52,46,47,44,42,44,46.45102,73,170,200,16,16,3,1,,17.34615,18.25,40,1.134615,1,1,0,0,1,1,0,0,0
5296,0,1,0,0,1,42,12,0,0,0,0,0,1,0,0,0,1,0,0,1,0,0,66,61,59,56,37,44,61.17247,62,174,245,12,12,5,0,0,12.32692,9.35,40,1.192308,1,0,1,0,0,0,1,0,0
2291,0,1,0,0,1,37,16,0,0,0,1,0,0,0,0,1,0,0,0,1,0,0,64,66,56,59,62,57,63.89867,74,180,205,17,16,1,1,0,16.07692,29.45,47,7.307693,0,0,1,0,0,0,0,0,1
2376,0,1,0,0,1,37,12,0,0,0,0,0,1,0,0,1,0,1,0,0,0,0,52,58,51,53,52,48,56.53794,69,150,180,12,10,1,1,0,16.28846,21.63,40,13.01923,1,1,0,0,1,0,0,1,0
5267,0,1,0,0,1,42,13,0,0,0,0,0,1,0,0,1,0,0,0,1,0,0,38,42,31,26,31,41,35.001,73,160,215,12,13,3,1,0,20.23077,19.68,40,6.769231,1,1,0,0,1,0,0,1,0
3777,0,1,0,0,1,42,12,0,0,0,0,0,1,0,0,1,0,0,1,0,0,0,56,54,56,53,54,51,55.72008,67,170,180,11,12,3,0,0,23.42308,21.63,40,7.192307,1,0,1,0,1,0,1,0,0
730,0,1,0,0,1,41,15,0,0,0,1,0,0,0,0,1,0,0,0,1,0,0,52,55,52,62,60,59,57.62842,72,180,180,12,12,3,1,0,17.5,36.05,48,6.403846,0,0,1,0,0,0,1,0,0
4412,0,1,0,1,0,39,12,0,0,0,0,0,1,0,1,0,0,0,0,1,0,0,46,40,37,38,35,43,38.81767,69,178,235,12,8,5,1,0,16.5,13.4,40,14.25,0,0,1,0,1,0,0,1,0
4468,0,1,0,0,1,43,13,0,0,0,0,0,1,0,0,1,0,0,1,0,0,0,66,55,59,53,51,52,57.08318,72,200,250,12,16,2,1,0,18.25,29.5,40,6.134615,1,0,1,0,1,0,0,1,0
5443,0,1,0,0,1,40,12,0,0,0,0,0,1,0,0,0,1,0,1,0,0,0,26,38,24,32,28,38,32.54742,67,148,170,6,12,4,0,1,21.55769,5.9,48,21.25,0,0,1,0,0,0,0,0,1
1319,0,1,0,0,1,39,12,0,0,0,0,0,1,0,0,1,0,1,0,0,0,0,36,32,30,32,29,29,30.9117,74,195,225,6,3,1,0,0,20.44231,18.07,50,2.326923,0,0,1,0,1,0,0,0,1
13,0,1,0,0,1,43,16,0,0,0,0,0,1,0,0,0,1,0,0,1,0,0,50,66,54,56,52,40,62.53557,72,175,200,12,16,2,1,0,19.15385,15.62,48,0.4038461,0,0,1,0,1,1,0,0,0
4907,0,1,0,0,1,42,20,1,0,0,0,0,0,0,0,1,0,0,0,0,0,1,68,61,60,56,61,57,61.44509,72,185,210,12,14,1,1,0,1.307692,127.9,10,1.307692,0,0,0,0,1,0,0,0,1
4829,0,1,0,0,1,39,16,0,0,0,1,0,0,0,0,1,0,0,0,1,0,0,60,62,57,59,53,49,61.99033,71,170,175,13,18,4,1,0,14.32692,30.76,60,14.26923,0,0,1,0,2,0,1,0,0
951,0,1,0,0,1,39,12,0,0,0,0,0,1,0,0,1,0,0,1,0,0,0,46,40,47,53,49,40,45.63316,68,155,195,12,12,3,0,0,21.07692,24.78,45,4.057693,0,0,1,0,1,0,1,0,0
11978,0,1,0,1,0,43,11,0,0,0,0,0,0,1,0,1,0,0,0,1,0,0,28,42,30,38,39,37,37.99981,72,145,170,11,5,6,1,1,10.34615,17,40,2.538461,0,0,1,0,1,1,0,0,0
4860,0,1,0,0,1,39,12,0,0,0,0,0,1,0,0,0,1,0,1,0,0,0,54,43,43,35,41,27,41.27124,70,165,185,12,12,3,1,0,16.78846,18,40,3.826923,0,0,1,0,0,0,1,0,0
2548,0,1,0,0,1,41,12,0,0,0,0,0,1,0,0,0,1,0,1,0,0,0,44,34,30,38,56,56,33.6379,73,185,240,12,12,2,0,0,22.96154,13.75,40,17.42308,0,0,1,0,0,0,1,0,0
819,0,1,0,0,1,40,14,0,0,0,0,1,0,0,0,1,0,0,0,0,1,0,44,38,43,44,52,44,40.99863,64,145,160,12,12,1,0,0,18.96154,20,40,7.519231,1,0,1,0,1,0,1,0,0
11791,0,1,0,0,1,38,16,0,0,0,1,0,0,0,0,1,0,0,1,0,0,0,54,50,52,53,55,54,52.44865,69,140,190,12,8,2,1,0,14.59615,57.69,50,7.980769,0,0,1,0,1,0,1,0,0
5359,0,1,0,0,1,44,12,0,0,0,0,0,1,0,1,0,0,0,1,0,0,0,58,65,60,53,55,54,62.80819,70,185,300,12,12,3,1,0,23.21154,11,40,3.519231,0,0,1,0,1,0,1,0,0
3723,0,1,0,0,1,41,12,0,0,0,0,0,1,0,0,0,1,0,1,0,0,0,60,49,52,47,46,50,50.26769,71,180,220,11,14,2,1,0,13.59615,9.4,44,0.1730769,0,0,1,0,1,0,0,0,1
2851,0,1,0,0,1,38,18,0,0,1,0,0,0,0,0,1,0,0,0,1,0,0,66,66,61,56,54,52,64.44391,72,175,203,16,20,2,1,0,16.44231,75.17,55,7.615385,0,0,1,0,1,1,0,0,0
3575,0,1,0,0,1,44,12,0,0,0,0,0,1,0,0,1,0,0,0,1,0,0,54,51,52,41,61,65,49.72245,73,155,160,12,12,4,0,0,23.53846,23.07,40,3.807692,0,0,1,0,0,0,1,0,0
3822,0,1,1,0,0,42,12,0,0,0,0,0,1,0,1,0,0,0,1,0,0,0,36,36,26,29,20,29,31.18432,71,160,220,6,4,5,1,1,12.30769,7,40,10.25,0,0,1,0,1,0,1,0,0
281,0,1,0,0,1,40,18,0,0,1,0,0,0,0,0,1,0,0,0,1,0,0,60,65,54,50,62,51,60.35461,75,195,190,13,13,3,1,0,15.42308,36.85,48,12.80769,0,0,1,0,1,1,0,0,0
639,0,1,0,0,1,38,12,0,0,0,0,0,1,0,0,1,0,0,0,0,0,1,50,43,52,56,54,49,49.44983,68,125,135,12,15,1,0,0,19.92308,10.5,55,1.75,0,0,1,0,1,0,1,0,0
2118,0,1,0,0,1,40,12,0,0,0,0,0,1,0,0,1,0,0,0,1,0,0,54,40,41,56,44,51,44.8153,69,170,182,12,12,3,0,0,18.30769,19.1,40,12.69231,1,0,1,0,0,0,0,0,1
1201,0,1,1,0,0,40,15,0,0,0,0,1,0,0,1,0,0,0,0,0,0,1,36,43,39,47,37,42,43.4522,69,150,190,6,3,6,0,,19.48077,22.62,40,17.63461,0,1,0,0,1,0,0,0,1
1975,0,1,0,0,1,38,12,0,0,0,0,0,1,0,0,1,0,0,1,0,0,0,54,47,56,62,53,46,54.35698,64,140,155,12,12,4,0,0,13.80769,14.42,40,13.11539,0,0,1,0,0,0,1,0,0
3901,0,1,0,0,1,43,15,0,0,0,0,0,1,0,0,1,0,0,1,0,0,0,66,65,59,59,55,47,64.17129,73,178,200,12,12,1,1,1,18.07692,15.4,50,4.346154,0,0,1,0,1,0,1,0,0
1134,0,1,0,0,1,39,11,0,0,0,0,0,1,0,0,1,0,0,0,1,0,0,64,51,59,47,48,44,53.26651,73,160,200,13,12,3,0,0,20.48077,24.8,40,12.26923,0,1,0,0,1,0,0,0,1
5538,0,1,1,0,0,38,12,0,0,0,0,0,1,0,0,1,0,0,1,0,0,0,40,38,35,29,41,45,34.72837,65,135,165,7,3,11,0,1,18.92308,8.5,44,2.730769,0,0,1,0,0,0,0,0,1
4747,0,1,0,0,1,38,12,0,0,0,0,0,1,0,0,0,1,0,0,0,0,1,34,35,41,35,39,41,36.36409,65,145,200,9,8,5,1,0,9.038462,9.25,40,0.25,0,0,1,0,0,0,1,0,0
2202,0,1,0,0,1,39,16,0,0,0,1,0,0,0,1,0,0,0,1,0,0,0,58,59,55,53,54,53,58.17366,75,196,238,12,12,1,1,0,15.17308,19.71,40,18.96154,1,0,1,0,1,0,0,0,1
3706,0,1,0,0,1,45,13,0,0,0,0,0,1,0,0,1,0,0,1,0,0,0,54,53,56,50,50,40,54.35698,72,170,235,12,12,4,1,0,23,20.19,50,1.769231,0,0,1,0,1,0,0,1,0
1811,0,1,0,1,0,39,9,0,0,0,0,0,0,1,0,1,0,0,0,1,0,0,40,42,39,47,52,52,42.90696,69,180,270,12,9,9,1,1,20.53846,8.87,55,3.615385,0,0,1,0,1,0,0,1,0
4113,0,1,0,0,1,41,12,0,0,0,0,0,1,0,1,0,0,0,1,0,0,0,38,38,31,44,33,27,37.72719,70,215,240,12,7,4,0,1,16.46154,7,40,0.0769231,0,0,1,0,0,0,0,0,1
4698,0,1,0,0,1,38,16,0,0,0,1,0,0,0,0,1,0,0,0,0,1,0,54,61,56,44,60,42,57.08318,71,195,190,14,12,1,1,0,15.09615,8.75,16,8.153846,0,0,1,0,1,1,0,0,0
7,0,1,0,0,1,38,12,0,0,0,0,0,1,0,0,0,1,0,0,1,0,0,46,45,51,41,49,43,46.1784,69,155,157,12,12,1,1,0,10.59615,13.62,44,7.788462,0,0,1,0,1,1,0,0,0
12041,0,1,0,0,1,39,12,0,0,0,0,0,1,0,0,0,1,0,0,0,0,1,42,36,39,38,47,45,37.18195,69,130,149,12,12,2,0,0,20.98077,19.71,40,16.61539,0,0,1,0,0,0,0,0,1
2649,0,1,0,1,0,41,18,0,0,0,1,0,0,0,1,0,0,0,0,1,0,0,68,64,60,62,48,38,64.71653,75,271,280,4,14,8,1,1,10.65385,15.38,40,6.730769,1,1,0,0,1,0,0,0,1
817,0,1,0,0,1,38,16,0,0,0,1,0,0,0,0,1,0,0,0,1,0,0,56,53,56,56,54,50,55.9927,77,200,235,12,14,0,1,0,13.48077,26.7,45,12.17308,0,0,1,0,1,0,1,0,0
135,0,1,0,0,1,38,16,0,0,0,0,0,1,0,0,1,0,0,0,1,0,0,48,45,44,53,49,49,47.5415,67,175,190,9,12,5,1,,17.30769,28,40,9.038462,0,0,1,0,1,1,0,0,0
4064,0,1,0,0,1,38,12,0,0,0,0,0,1,0,0,0,1,0,1,0,0,0,60,64,61,56,42,45,63.35343,73,200,250,12,12,1,1,0,18.69231,18.85,40,15.13461,1,0,1,0,1,0,0,0,1
3390,0,1,1,0,0,42,20,0,0,0,0,0,0,0,0,1,0,0,0,0,0,1,64,66,57,53,62,65,62.53557,69,185,240,17,17,2,1,0,16.38461,30.55,45,2.692308,0,0,1,0,1,0,1,0,0
2975,0,1,0,0,1,39,14,0,0,0,0,0,1,0,0,1,0,0,0,1,0,0,68,59,60,59,43,46,61.17247,77,325,360,12,12,2,1,0,19.23077,13.5,40,3.057692,0,1,0,0,1,1,0,0,0
890,0,1,0,0,1,43,19,0,0,1,0,0,0,0,0,1,0,0,0,0,0,1,60,65,56,56,62,63,62.53557,73,180,195,12,14,4,1,0,17.25,52.88,60,20.09615,0,0,1,0,0,0,1,0,0
2227,0,1,0,0,1,42,12,0,0,0,0,0,1,0,0,1,0,0,1,0,0,0,52,47,41,44,57,54,45.36054,70,175,185,15,12,1,1,0,22.90385,12.5,40,0.8269231,0,0,1,0,0,0,0,0,1
488,0,1,0,0,1,38,12,0,0,0,0,0,1,0,0,0,1,0,0,1,0,0,50,46,52,47,43,47,48.63197,68,179,190,15,14,4,1,0,9.730769,19.23,42,3.865385,1,1,0,0,0,0,0,0,1
3059,0,1,0,0,1,45,12,0,0,0,0,0,1,0,0,0,1,0,0,1,0,0,54,36,44,50,46,47,41.81648,71,190,210,12,12,5,0,0,23.03846,21.39,40,7.596154,1,0,1,0,0,1,0,0,0
2873,0,1,0,0,1,39,20,0,1,0,0,0,0,0,1,0,0,0,0,1,0,0,68,65,61,62,56,44,65.53439,70,220,255,12,12,3,1,0,11.71154,92.94,50,4.692307,0,1,0,0,1,1,0,0,0
3503,0,1,0,0,1,44,12,0,0,0,0,0,1,0,0,1,0,0,1,0,0,0,64,61,56,56,62,53,60.35461,70,155,180,12,12,5,0,0,23.65385,29.05,45,5.057693,0,0,1,0,0,0,1,0,0
3792,0,1,0,0,1,43,17,0,0,0,1,0,0,0,0,1,0,0,0,1,0,0,66,66,60,59,53,49,64.98915,70,155,195,15,14,3,1,0,14.88461,28.84,50,5.057693,0,0,1,0,1,0,1,0,0
145,0,1,0,0,1,39,12,0,0,0,0,0,1,0,1,0,0,0,0,1,0,0,54,47,56,53,52,45,51.90341,69,140,150,12,12,3,1,0,15.88461,9,35,0.6538461,0,0,1,0,1,1,0,0,0
681,0,1,1,0,0,40,12,0,0,0,0,0,1,0,0,0,1,0,1,0,0,0,22,36,28,35,20,38,33.36528,72,160,230,9,4,11,0,1,19.80769,10.5,40,0.1346154,0,0,1,0,1,0,1,0,0
3904,0,1,0,0,1,40,18,0,0,0,1,0,0,0,0,0,1,0,1,0,0,0,52,53,55,56,57,57,55.72008,69,140,165,16,16,1,1,0,14.98077,80.76,60,16.09615,0,1,0,0,1,0,1,0,0
1379,0,1,1,0,0,38,15,0,0,0,0,0,0,0,0,1,0,0,0,0,0,1,44,42,43,44,48,45,43.17958,74,154,175,12,11,3,0,1,13.84615,15.86,40,3.634615,0,0,1,0,1,0,0,0,1
3803,0,1,0,0,1,41,18,0,0,1,0,0,0,0,0,1,0,0,0,0,0,1,62,55,60,53,62,56,57.3558,71,170,190,18,18,1,1,0,12.15385,24.51,40,3.519231,0,1,0,0,1,1,0,0,0
1143,0,1,0,0,1,42,16,0,0,0,1,0,0,0,0,1,0,0,0,0,1,0,58,59,52,62,62,62,59.80938,69,165,165,16,20,4,1,0,20.11539,85.47,45,19.65385,0,0,1,0,1,0,0,0,1
2587,0,1,0,0,1,41,7,0,0,0,0,0,0,1,0,0,1,1,0,0,0,0,36,38,29,29,29,28,33.09266,63,145,210,8,6,7,0,0,9.673077,10,48,5,0,0,1,0,2,0,0,0,1
1557,0,1,0,0,1,40,12,0,0,0,0,0,1,0,0,1,0,0,1,0,0,0,42,47,44,32,48,45,42.90696,72,160,205,12,14,3,1,0,16.88461,20.43,40,6.076923,1,1,0,0,1,0,1,0,0
5616,0,1,1,0,0,45,12,0,0,0,0,0,1,0,0,1,0,0,1,0,0,0,30,36,31,29,25,44,32.54742,67,145,162,12,12,4,0,0,23.01923,13.64,40,13.94231,0,0,1,0,0,0,0,0,1
2203,1,0,0,0,1,40,12,0,0,0,0,0,1,0,0,0,1,0,1,0,0,0,44,49,47,35,54,50,45.63316,63,150,170,12,9,2,1,0,22.03846,10.28,40,3.346154,0,0,1,0,0,0,0,0,1
2112,1,0,0,0,1,44,12,0,0,0,0,0,1,0,0,1,0,0,0,1,0,0,52,57,61,59,62,64,60.35461,65,135,150,12,12,5,1,0,15.51923,12,42,10.42308,0,0,1,0,0,0,1,0,0
11885,1,0,0,1,0,37,11,0,0,0,0,0,0,1,0,1,0,0,0,1,0,0,46,46,39,35,51,44,41.81648,61,105,135,6,12,2,1,0,16.19231,8,28,0.7884616,0,0,1,0,1,0,0,1,0
2315,1,0,0,0,1,43,13,0,0,0,0,0,0,1,0,1,0,0,0,1,0,0,42,36,38,29,39,41,34.45576,68,145,160,14,8,3,0,0,9.480769,10.83,60,2.461539,0,1,0,0,1,0,0,0,1
2262,1,0,1,0,0,44,12,0,0,0,0,0,1,0,0,0,1,0,1,0,0,0,36,36,34,41,40,35,36.63671,64,110,135,8,5,10,0,1,2.346154,6,40,0.0384615,0,0,1,0,0,0,0,0,1
2146,1,0,0,0,1,42,12,0,0,0,0,0,1,0,1,0,0,0,1,0,0,0,56,49,59,56,53,58,54.6296,65,230,215,11,12,0,0,0,22.94231,7.25,40,4.673077,0,0,1,0,1,0,0,0,1
2190,1,0,0,0,1,42,13,0,0,0,0,0,1,0,0,1,0,0,1,0,0,0,48,39,47,53,59,65,45.08792,65,160,190,11,10,3,1,0,20.30769,10.25,30,7.115385,0,1,0,0,0,0,0,0,1
4099,1,0,0,0,1,38,12,0,0,0,0,0,1,0,0,1,0,0,1,0,0,0,46,50,43,50,46,41,49.17721,64,110,140,12,12,2,0,0,15.03846,7.35,40,0.4615385,0,0,1,0,0,0,0,0,1
5645,1,0,1,0,0,39,14,0,0,0,0,1,0,0,0,1,0,0,1,0,0,0,40,42,46,56,56,51,47.26888,65,125,168,16,12,2,1,0,14.82692,22,36,0.6730769,0,1,0,0,1,0,0,0,1
1808,1,0,0,0,1,44,16,0,0,0,0,0,1,0,0,1,0,0,1,0,0,0,60,64,59,59,62,60,63.62605,66,125,128,12,12,2,1,0,21.46154,33.65,40,4.923077,1,1,0,0,1,0,0,1,0
1159,1,0,1,0,0,40,15,0,0,0,1,0,0,0,1,0,0,0,1,0,0,0,40,47,41,53,55,45,47.81411,63,140,128,11,4,4,0,0,14.36539,15.6,40,6.538462,0,0,1,0,1,0,0,0,1
5101,1,0,0,0,1,43,15,0,0,0,0,0,1,0,0,1,0,0,1,0,0,0,58,49,54,56,62,67,53.26651,63,125,165,12,13,1,1,0,20.09615,9,30,0.2692308,0,0,1,0,1,0,0,1,0
11814,1,0,0,0,1,38,8,0,0,0,0,0,0,1,1,0,0,0,1,0,0,0,28,36,25,26,35,42,30.09384,63,165,200,8,8,4,1,0,5.096154,2.66,30,2.192308,0,0,1,0,0,0,1,0,0
2690,1,0,0,1,0,40,12,0,0,0,0,0,1,0,0,1,0,0,0,1,0,0,40,43,42,50,53,55,45.08792,60,121,130,5,4,1,0,1,17.69231,12.75,40,0.3076923,0,0,1,0,1,0,0,0,1
5332,1,0,0,0,1,42,15,0,0,0,0,0,0,0,0,1,0,0,0,0,0,1,52,58,56,62,62,57,60.35461,63,120,135,12,12,2,0,0,4.634615,18.75,30,3.807692,0,1,0,0,0,0,1,0,0
1824,1,0,0,1,0,45,9,0,0,0,0,0,0,1,0,1,0,0,0,1,0,0,40,36,29,32,24,48,32.82004,61,150,160,8,8,4,1,0,19.75,5.31,35,10.13461,0,0,1,0,1,0,0,1,0
5572,1,0,0,0,1,39,12,0,0,0,0,0,1,0,0,1,0,0,1,0,0,0,56,54,57,53,61,61,55.9927,64,180,223,12,9,0,1,0,22.17308,13.37,40,9.096154,0,0,1,0,0,0,0,0,1
4257,1,0,0,0,1,45,16,0,0,0,1,0,0,0,0,1,0,0,1,0,0,0,54,47,57,53,56,66,52.17603,64,100,125,17,18,2,1,0,18.76923,13.7,47,10.61539,1,1,0,0,0,0,0,0,1
12000,1,0,0,0,1,43,12,0,0,0,0,0,1,0,0,1,0,0,1,0,0,0,56,61,52,53,62,65,58.44628,71,160,185,9,12,3,1,0,23.15385,14.42,40,24.01923,0,0,1,0,1,1,0,0,0
321,1,0,0,0,1,44,16,0,0,0,1,0,0,0,0,1,0,0,1,0,0,0,64,58,57,59,41,42,59.80938,66,140,170,10,12,4,1,0,17.36539,41.66,24,16.51923,0,1,0,0,1,1,0,0,0
2606,1,0,0,0,1,42,16,0,0,0,0,0,0,0,0,1,0,0,1,0,0,0,64,59,56,56,62,66,59.26414,65,140,165,12,12,2,0,0,17.61539,24.03,24,7.192307,0,1,0,0,0,0,0,0,1
972,1,0,0,0,1,38,12,0,0,0,0,0,1,0,1,0,0,0,0,1,0,0,56,46,55,53,48,51,51.08555,65,118,169,12,12,4,1,0,19.28846,15.38,40,0.5961539,0,0,1,0,1,0,1,0,0
1522,1,0,1,0,0,43,16,0,0,0,1,0,0,0,0,1,0,0,1,0,0,0,52,65,48,56,62,56,60.35461,66,170,180,11,10,6,0,0,21.19231,22.37,40,5.346154,0,0,1,0,1,0,0,0,1
418,1,0,0,0,1,38,13,0,0,0,0,0,1,0,0,1,0,0,0,1,0,0,44,53,50,53,61,54,53.53913,65,132,150,13,12,1,1,1,16.09615,11.25,40,4.634615,0,0,1,0,1,1,0,0,0
2946,1,0,0,0,1,38,16,0,0,0,0,1,0,0,0,1,0,0,0,1,0,0,50,59,54,56,57,59,58.7189,67,125,165,12,12,3,1,0,11.98077,26.92,40,5.634615,0,0,1,0,1,1,0,0,0
2879,1,0,0,0,1,45,12,0,0,0,0,0,1,0,0,0,1,0,0,1,0,0,44,36,44,50,52,60,41.81648,67,140,145,12,12,2,1,0,21.71154,17,40,2.307692,0,0,1,0,1,1,0,0,0
528,1,0,0,0,1,38,12,0,0,0,0,0,1,0,0,1,0,0,0,1,0,0,56,43,41,44,55,57,43.17958,62,113,120,12,12,2,0,0,15.57692,30.76,50,9.5,0,0,1,0,0,0,1,0,0
3669,1,0,0,0,1,40,16,0,0,0,1,0,0,0,0,1,0,0,0,1,0,0,56,64,59,56,62,59,62.80819,63,116,115,14,17,3,1,0,13.65385,15,15,0.6153846,0,1,0,0,1,0,1,0,0
11922,1,0,0,1,0,39,16,0,0,0,1,0,0,0,0,1,0,0,0,1,0,0,44,49,59,56,51,59,54.6296,63,112,120,12,12,1,0,0,10.92308,54.54,22,16,0,0,1,0,0,1,0,0,0
3636,1,0,0,0,1,37,18,0,0,1,0,0,0,0,0,1,0,0,1,0,0,0,56,40,55,53,51,49,47.81411,65,110,130,12,13,4,1,0,11.30769,17,40,3.403846,1,1,0,0,1,0,1,0,0
843,1,0,0,0,1,40,12,0,0,0,0,0,1,0,0,0,1,0,1,0,0,0,48,45,48,50,47,53,47.81411,61,105,115,13,11,3,0,0,12.98077,8,30,5.365385,0,0,1,0,1,0,0,0,1
1224,1,0,1,0,0,43,13,0,0,0,0,0,1,0,1,0,0,0,0,0,0,1,42,42,41,47,33,32,43.4522,68,175,230,11,9,0,0,0,19.13461,7.64,30,4.923077,0,0,1,0,1,0,0,0,1
2746,1,0,0,0,1,42,13,0,0,0,0,0,1,0,0,1,0,0,1,0,0,0,44,47,43,47,51,51,46.72364,61,141,180,10,3,1,0,0,22.32692,14.42,40,23.55769,0,0,1,0,0,0,0,0,1
4686,1,0,0,0,1,43,17,0,0,0,1,0,0,0,1,0,0,1,0,0,0,0,54,64,55,59,62,68,62.53557,70,170,220,12,14,1,1,0,17.90385,23.65,50,4.673077,0,0,1,0,1,0,0,0,1
3610,1,0,0,0,1,44,13,0,0,0,0,0,1,0,0,0,1,0,1,0,0,0,56,40,51,44,48,47,44.27006,68,113,115,12,12,4,1,0,14.73077,9.65,40,1.980769,0,0,1,0,1,0,1,0,0
966,1,0,0,0,1,40,12,0,0,0,0,0,1,0,0,0,1,0,0,1,0,0,38,39,39,38,39,44,38.81767,65,133,148,12,10,7,1,0,20.48077,16.58,40,17.57692,0,0,1,0,1,0,1,0,0
3606,1,0,0,0,1,41,13,0,0,0,0,0,1,0,0,1,0,0,0,1,0,0,42,43,57,56,62,57,50.81293,65,140,160,12,12,3,1,0,17.28846,14.28,21,2.365385,0,0,1,0,0,0,1,0,0
3309,1,0,1,0,0,41,17,0,0,0,1,0,0,0,1,0,0,0,1,0,0,0,60,59,61,59,62,60,61.44509,67,135,214,12,15,3,1,0,14.90385,24.03,40,2.230769,0,0,1,0,1,0,0,0,1
4952,1,0,0,0,1,39,12,0,0,0,0,0,1,0,0,1,0,0,1,0,0,0,40,43,43,44,49,54,43.72482,67,128,140,11,8,5,0,0,22.36539,12.5,40,20.84615,0,0,0,1,0,0,0,0,1
20,1,0,0,0,1,42,17,0,0,0,1,0,0,0,0,1,0,0,0,1,0,0,60,49,52,59,54,55,53.53913,64,120,130,12,18,2,1,0,16.19231,30.52,32,11.63461,0,0,1,0,1,1,0,0,0
4049,1,0,0,0,1,42,12,0,0,0,0,0,0,1,0,1,0,0,0,1,0,0,44,45,51,56,58,56,50.26769,61,110,115,12,8,5,1,0,15.94231,16.75,50,2.038461,0,0,1,0,1,0,0,0,1
5577,1,0,0,0,1,43,12,0,0,0,0,0,1,0,0,0,1,0,1,0,0,0,44,39,39,44,46,46,40.45338,62,145,138,8,9,4,0,0,16.42308,8.5,40,2.923077,0,0,1,0,0,0,0,0,1
285,1,0,0,1,0,41,10,0,0,0,0,0,0,1,0,1,0,0,0,1,0,0,44,35,33,44,60,50,36.63671,61,137,140,8,12,5,1,0,21.75,7.37,60,1.653846,0,0,1,0,0,0,0,0,1
11901,1,0,0,0,1,42,14,0,0,0,0,1,0,0,0,0,1,0,1,0,0,0,48,38,51,53,52,48,45.63316,64,150,250,12,16,1,1,0,13.09615,11.97,40,3.480769,1,1,0,0,1,0,1,0,0
3643,1,0,0,0,1,38,16,0,0,0,1,0,0,0,0,1,0,0,1,0,0,0,44,46,42,38,47,46,43.4522,68,150,175,16,12,2,1,0,14.13461,17.3,40,2.653846,1,1,0,0,1,0,0,1,0
3121,1,0,0,0,1,42,12,0,0,0,0,0,1,0,0,1,0,0,1,0,0,0,46,57,54,59,62,65,58.44628,63,150,180,12,12,4,1,0,8.923077,9.71,40,4.942307,0,1,0,0,0,0,1,0,0
2462,1,0,0,0,1,43,11,0,0,0,0,0,0,1,0,1,0,0,1,0,0,0,46,39,47,53,55,59,45.08792,64,156,187,8,14,2,1,0,5.596154,8,42,4.865385,0,0,1,0,0,0,1,0,0
2549,1,0,0,0,1,43,18,0,0,1,0,0,0,0,0,1,0,0,1,0,0,0,54,64,61,56,62,65,63.35343,65,130,200,12,18,3,0,0,19.51923,10.51,60,0.9230769,1,1,0,0,0,0,1,0,0
3199,1,0,0,0,1,40,12,0,0,0,0,0,1,0,0,0,1,0,1,0,0,0,34,45,38,35,52,54,40.99863,61,135,115,10,10,3,1,0,21.82692,12.3,40,1.057692,0,0,1,0,1,1,0,0,0
2607,1,0,0,0,1,42,16,0,0,0,1,0,0,0,0,1,0,0,1,0,0,0,60,65,59,62,61,65,64.98915,66,130,175,12,12,0,1,0,18.65385,14.42,44,11.82692,1,1,0,0,2,0,0,0,1
3775,1,0,0,0,1,41,16,0,0,0,1,0,0,0,0,1,0,1,0,0,0,0,52,57,59,53,54,60,58.17366,63,112,145,12,8,2,1,0,14.30769,23,44,13.03846,0,0,1,0,1,0,1,0,0
12096,1,0,0,0,1,38,15,0,0,0,0,0,1,0,0,0,1,0,1,0,0,0,56,59,55,56,55,45,58.99152,64,101,110,8,11,0,1,0,16.59615,38.46,30,4.634615,0,0,1,0,1,0,0,0,1
190,1,0,0,0,1,40,18,0,0,1,0,0,0,0,0,0,1,0,0,0,0,1,58,53,56,56,50,65,55.9927,63,118,160,16,17,2,1,0,10.15385,32.47,45,3.865385,0,1,0,0,1,1,0,0,0
3012,1,0,0,0,1,45,12,0,0,0,0,0,1,0,1,0,0,0,0,0,1,0,48,57,51,53,56,56,55.9927,69,137,150,12,8,0,1,0,22.36539,13.25,41,17.44231,0,0,1,0,1,0,0,1,0
4772,1,0,0,0,1,44,12,0,0,0,0,0,1,0,0,1,0,1,0,0,0,0,56,54,52,41,55,57,51.35817,64,137,135,12,12,7,1,0,15.82692,9.24,25,6.423077,0,0,1,0,0,0,1,0,0
2271,1,0,1,0,0,40,12,0,0,0,0,0,1,0,0,1,0,0,1,0,0,0,38,36,38,53,42,46,40.99863,62,104,144,12,12,3,0,0,14.23077,8.13,40,2.711539,0,1,0,0,0,0,0,0,1
4337,1,0,0,0,1,42,14,0,0,0,0,0,1,0,0,1,0,0,1,0,0,0,60,51,57,56,41,53,55.17484,67,130,130,12,8,1,1,0,20.17308,12.5,40,1.326923,0,0,1,0,1,0,0,1,0
1725,1,0,0,0,1,40,11,0,0,0,0,0,0,1,0,0,1,0,0,1,0,0,38,35,37,41,46,44,36.90933,66,135,150,9,9,4,1,0,14.11539,11.4,40,2.692308,0,0,1,0,1,0,0,1,0
4930,1,0,0,0,1,39,13,0,0,0,0,0,1,0,0,1,0,0,1,0,0,0,46,47,52,50,47,47,49.99507,64,100,157,10,14,4,0,0,19.80769,8.91,40,0.1538462,0,1,0,0,0,0,0,0,1
4726,1,0,0,0,1,44,16,0,0,0,0,1,0,0,0,1,0,0,0,1,0,0,54,39,56,47,53,54,45.90578,63,105,126,8,12,2,1,0,19.44231,13.58,40,12.30769,1,1,0,0,1,0,1,0,0
2077,1,0,0,0,1,45,12,0,0,0,0,0,0,1,0,1,0,0,1,0,0,0,46,34,57,56,40,50,45.90578,63,123,160,8,12,3,1,,18.05769,8.5,40,3.346154,0,0,1,0,0,0,1,0,0
3809,1,0,0,0,1,40,16,0,0,0,1,0,0,0,0,1,0,1,0,0,0,0,60,64,59,59,52,59,63.62605,68,132,140,16,18,1,1,0,18.98077,25.75,56,19.5,0,0,1,0,1,0,1,0,0
1223,1,0,1,0,0,38,13,0,0,0,0,0,1,0,1,0,0,1,0,0,0,0,32,36,26,23,40,25,29.5486,69,160,153,11,9,4,0,1,16.05769,6.75,40,3.711539,0,0,1,0,1,0,0,0,1
4975,1,0,0,0,1,44,18,0,0,1,0,0,0,0,1,0,0,1,0,0,0,0,46,62,60,59,62,69,62.80819,66,140,130,8,12,2,1,0,19.78846,17.27,50,2.807692,0,1,0,0,1,0,0,0,1
2580,1,0,0,0,1,41,12,0,0,0,0,0,1,0,0,1,0,1,0,0,0,0,46,57,51,56,52,63,56.81056,67,130,150,9,8,1,0,0,21.67308,10.43,35,13.26923,0,0,1,0,0,0,0,0,1
861,1,0,0,0,1,39,12,0,0,0,0,0,1,0,1,0,0,0,1,0,0,0,54,46,56,50,41,46,50.54031,62,140,170,12,12,4,1,0,19.42308,12,40,14.48077,1,1,0,0,1,0,1,0,0
3524,1,0,0,0,1,40,13,0,0,0,0,0,1,0,0,0,1,0,0,1,0,0,48,39,48,50,43,63,44.54268,66,119,120,11,12,1,1,0,20.19231,25.64,60,3.634615,0,0,1,0,1,0,1,0,0
4319,1,0,0,1,0,39,14,0,0,0,0,0,1,0,0,1,0,0,0,1,0,0,50,46,52,53,55,57,50.26769,60,107,138,12,12,4,0,0,18.11539,12.74,40,7.884615,0,0,1,0,1,0,0,1,0
3119,1,0,0,0,1,43,12,0,0,0,0,0,0,1,0,1,0,0,0,1,0,0,34,32,35,32,48,56,32.2748,64,130,160,11,12,4,1,0,22,13.28,40,12.84615,1,0,1,0,1,1,0,0,0
2129,1,0,0,0,1,41,12,0,0,0,0,0,1,0,0,1,0,0,1,0,0,0,50,43,50,56,51,59,48.90459,65,217,238,10,6,3,0,1,14.98077,7.25,40,1.538462,0,0,1,0,1,0,0,0,1
2591,1,0,0,0,1,39,12,0,0,0,0,0,1,0,0,1,0,0,1,0,0,0,38,53,52,50,62,62,53.26651,63,105,125,12,12,3,0,0,18.65385,8.93,43,2.115385,0,0,1,0,0,0,0,0,1
5436,1,0,0,0,1,39,12,0,0,0,0,0,1,0,0,0,1,0,1,0,0,0,44,42,43,56,40,56,46.45102,62,200,250,12,12,2,0,0,20.55769,12,40,22.92308,0,0,1,0,0,0,1,0,0
258,1,0,0,0,1,44,14,0,0,0,0,1,0,0,0,0,1,0,0,1,0,0,58,65,60,59,62,64,64.44391,66,200,177,14,12,3,1,0,14.90385,10.25,43,0.0769231,0,0,1,0,1,1,0,0,0
1623,1,0,0,0,1,42,17,0,0,0,0,0,1,0,1,0,0,0,1,0,0,0,68,66,60,62,49,54,65.80701,67,235,300,16,16,1,1,0,18.19231,7.5,15,14.30769,0,0,0,1,1,0,0,1,0
4459,1,0,0,0,1,41,12,0,0,0,0,0,0,1,1,0,0,0,1,0,0,0,44,40,47,56,37,40,46.45102,66,200,260,16,12,2,1,0,20.05769,10,38,1.692308,0,0,1,0,0,0,0,1,0
2635,1,0,0,0,1,45,12,0,0,0,0,0,1,0,0,1,0,0,1,0,0,0,50,49,54,50,51,56,51.63079,65,115,128,12,8,2,0,0,15,11.62,40,10.40385,0,1,0,0,0,0,0,0,1
2936,1,0,0,0,1,43,18,0,0,0,1,0,0,0,0,0,1,0,0,1,0,0,52,46,60,56,41,30,53.26651,67,150,208,15,11,2,1,0,16.01923,24.19,35,1.192308,1,1,0,0,1,1,0,0,0
2447,1,0,0,0,1,43,13,0,0,0,0,0,1,0,0,1,0,0,1,0,0,0,52,47,59,50,52,54,51.90341,66,175,230,12,12,3,1,0,15.80769,15,36,14.96154,0,1,0,0,0,0,1,0,0
4428,1,0,0,0,1,41,19,0,0,1,0,0,0,0,0,1,0,0,0,1,0,0,64,65,61,62,62,72,65.53439,66,125,154,14,15,3,1,0,15.5,47.43,15,6,0,0,1,0,1,0,0,0,1
2424,1,0,0,0,1,39,12,0,0,0,0,0,1,0,0,1,0,0,1,0,0,0,54,55,54,59,49,48,57.3558,69,180,250,12,9,5,1,0,16.05769,10.17,40,9.288462,0,0,1,0,0,0,1,0,0
2928,1,0,0,0,1,39,16,0,0,0,1,0,0,0,0,1,0,0,0,1,0,0,58,62,60,59,62,63,62.80819,59,102,125,12,16,3,1,0,6.134615,7.07,15,1.576923,0,1,0,0,1,1,0,0,0
5713,1,0,0,0,1,38,11,0,0,0,0,0,0,1,0,1,0,0,1,0,0,0,48,51,51,59,47,54,54.35698,63,111,155,12,11,1,0,0,10.82692,9,45,5.423077,0,0,1,0,0,0,0,1,0
2434,1,0,0,0,1,44,12,0,0,0,0,0,1,0,0,0,1,0,0,1,0,0,46,57,59,56,62,62,58.99152,68,150,175,12,12,6,1,0,16.53846,15,40,9.865385,0,0,1,0,0,0,1,0,0
3903,1,0,0,0,1,44,17,0,0,1,0,0,0,0,1,0,0,0,1,0,0,0,56,54,57,59,53,57,57.62842,68,170,175,16,16,1,1,0,17.53846,23.31,40,16.76923,1,1,0,0,1,0,1,0,0
4378,1,0,0,0,1,41,12,0,0,0,0,0,1,0,0,1,0,0,0,1,0,0,40,46,39,50,49,44,45.90578,65,128,130,12,12,3,1,0,13.11539,53.25,13,7.788462,0,0,0,1,0,0,0,1,0
2225,1,0,1,0,0,40,12,0,0,0,0,0,1,0,1,0,0,0,1,0,0,0,40,38,39,38,49,50,38.27243,64,120,145,12,6,1,1,0,19.03846,18.88,45,12.30769,0,0,1,0,0,0,0,0,1
3543,1,0,1,0,0,38,12,0,0,0,0,0,1,0,0,0,1,0,1,0,0,0,36,46,38,35,47,48,41.54387,67,183,260,11,7,4,1,0,5.461538,6.25,40,0.1346154,0,1,0,0,1,0,1,0,0
2175,1,0,0,0,1,44,12,0,0,0,0,0,1,0,0,1,0,0,1,0,0,0,42,39,39,50,53,56,42.0891,64,118,130,11,12,1,0,,22.34615,9.37,40,5.115385,0,1,0,0,0,0,0,0,1
999,1,0,0,0,1,39,16,0,0,0,0,0,1,0,0,0,1,0,0,1,0,0,50,53,48,56,57,45,53.81174,64,130,145,10,8,9,1,0,17.46154,9.09,55,0.9807692,0,0,0,1,1,0,1,0,0
4637,1,0,0,0,1,39,12,0,0,0,0,0,1,0,0,0,1,0,1,0,0,0,36,31,28,26,28,26,28.1855,67,165,160,12,6,1,1,0,11.55769,18.61,43,4.134615,0,0,1,0,0,0,0,0,1
3993,1,0,0,0,1,44,12,0,0,0,0,0,1,0,0,1,0,0,1,0,0,0,60,43,52,56,41,52,49.44983,66,158,200,12,12,5,1,0,14.75,8,40,0.0384615,0,0,1,0,1,0,0,0,1
1076,1,0,0,1,0,37,14,0,0,0,0,1,0,0,0,1,0,0,0,0,0,1,44,36,43,38,52,28,38.27243,57,108,120,12,12,1,1,1,16.63461,17.1,47,16.21154,0,1,0,0,1,0,0,0,1
4051,1,0,0,0,1,39,13,0,0,0,0,0,1,0,0,1,0,0,1,0,0,0,58,61,60,53,53,54,60.62724,61,138,174,9,12,2,1,0,18.90385,7.93,40,2.788461,0,0,1,0,1,0,1,0,0
1913,1,0,0,0,1,38,12,0,0,0,0,0,1,0,0,1,0,0,0,0,0,1,38,46,47,41,52,52,45.63316,62,110,196,10,12,6,1,0,18.63461,8.75,20,3.980769,0,0,0,1,0,1,0,0,0
5427,1,0,0,0,1,42,13,0,0,0,0,0,1,0,0,1,0,0,0,1,0,0,56,50,50,50,59,56,51.08555,64,182,250,12,8,4,0,0,22.90385,13.75,40,15.13461,0,1,0,0,0,0,1,0,0
242,1,0,0,0,1,43,12,0,0,0,0,0,1,0,0,0,1,0,1,0,0,0,42,39,51,47,52,58,44.54268,66,145,170,12,12,2,0,0,22.51923,25.64,45,5.403846,0,0,1,0,1,0,0,1,0
4179,1,0,1,0,0,44,14,0,0,0,0,0,1,0,0,0,1,0,0,1,0,0,50,39,47,62,41,42,47.5415,62,125,200,13,16,6,1,0,18.55769,20.03,40,22.32692,1,1,0,0,0,0,0,0,1
3624,1,0,0,0,1,39,16,0,0,0,1,0,0,0,0,1,0,0,0,1,0,0,64,62,57,59,61,57,61.99033,65,139,160,8,12,2,0,0,17.84615,15.81,45,15.82692,0,0,1,0,1,0,1,0,0
16,1,0,0,0,1,43,13,0,0,0,0,0,1,0,0,1,0,0,0,1,0,0,44,49,55,53,62,57,52.72127,63,135,155,12,12,3,1,0,20.32692,31,25,15.88461,0,0,1,0,1,1,0,0,0
11834,1,0,0,0,1,43,9,0,0,0,0,0,0,1,1,0,0,0,1,0,0,0,50,38,41,41,31,47,39.63553,69,250,210,9,12,4,1,0,21.36539,7.23,38,0.8846154,1,0,1,0,1,0,0,0,1
5035,1,0,0,0,1,44,15,0,0,0,0,0,1,0,0,1,0,0,0,1,0,0,52,40,59,62,62,57,51.35817,67,141,150,13,12,0,1,0,23.25,26.92,40,9.576923,0,0,1,0,1,0,0,0,1
2706,1,0,0,1,0,40,12,0,0,0,0,0,1,0,1,0,0,0,0,1,0,0,34,36,35,35,41,44,35.27361,62,103,140,0,0,8,0,1,15.90385,11.5,45,4.269231,0,0,1,0,1,0,0,0,1
2948,1,0,0,0,1,45,16,0,0,0,1,0,0,0,0,1,0,0,0,1,0,0,62,59,59,56,62,63,60.082,64,135,135,15,19,5,1,0,16.65385,9.97,27,6.5,1,1,0,0,1,0,1,0,0
327,1,0,0,0,1,44,16,0,0,0,1,0,0,0,0,0,1,0,1,0,0,0,64,64,61,56,49,61,63.35343,69,140,170,15,16,3,1,0,20.44231,10.75,45,2.5,0,0,1,0,0,1,0,0,0
3846,1,0,0,0,1,38,12,0,0,0,0,0,1,0,0,1,0,0,1,0,0,0,46,53,50,53,62,65,53.53913,64,114,140,12,12,4,1,0,20.53846,24.39,41,6.192307,0,1,0,0,0,0,1,0,0
4931,1,0,0,0,1,38,14,0,0,0,0,0,1,0,0,1,0,0,1,0,0,0,54,49,59,59,53,42,55.44746,63,115,126,9,10,4,1,0,18.80769,15,40,2.692308,0,0,1,0,0,0,0,0,1
1255,1,0,0,0,1,39,18,0,0,1,0,0,0,0,0,0,1,0,1,0,0,0,44,64,57,62,53,68,63.89867,64,108,126,12,14,2,1,0,16.34615,31.25,40,1.269231,0,0,1,0,1,0,0,1,0
11867,1,0,0,0,1,39,16,0,0,0,1,0,0,0,0,1,0,0,1,0,0,0,38,34,43,44,41,42,38.81767,69,160,260,13,13,1,1,0,13.84615,11.42,35,0.9807692,0,0,1,0,1,1,0,0,0
1534,1,0,0,1,0,42,12,0,0,0,0,0,1,0,0,1,0,0,0,1,0,0,28,40,42,53,55,56,44.27006,59,90,115,12,10,9,1,0,22.42308,18.9,40,10.80769,0,1,0,0,1,0,0,1,0
1087,1,0,0,0,1,39,18,0,0,1,0,0,0,0,0,1,0,0,0,1,0,0,66,66,61,62,50,54,66.07963,64,115,107,16,18,2,1,0,8.153846,23.07,10,9.153846,0,1,0,0,1,0,1,0,0
12042,1,0,0,0,1,39,12,0,0,0,0,0,1,0,0,1,0,0,0,0,0,1,28,39,31,26,46,57,33.36528,67,130,174,12,14,3,1,0,20.90385,13,20,4.903846,0,0,1,0,1,0,0,0,1
811,1,0,0,0,1,43,15,0,0,0,0,1,0,0,0,1,0,0,0,1,0,0,40,55,55,59,52,52,57.62842,64,170,200,12,10,1,1,0,16.13461,6.95,18,2.634615,0,1,0,0,1,0,1,0,0
4616,1,0,0,0,1,38,16,0,0,0,1,0,0,0,0,1,0,0,1,0,0,0,60,64,60,56,56,57,63.08081,61,115,135,12,12,3,1,,16.51923,19.71,40,3.711539,0,0,1,0,1,0,0,1,0
1252,1,0,0,0,1,44,16,0,0,0,1,0,0,0,0,0,1,0,1,0,0,0,54,53,50,59,62,72,55.17484,67,122,130,12,12,3,1,0,20.09615,25.64,45,0.25,0,0,1,0,1,0,0,0,1
374,1,0,0,0,1,41,12,0,0,0,0,0,1,0,0,1,0,0,0,1,0,0,34,38,37,44,50,56,39.36291,63,130,135,4,4,2,1,0,14.80769,16,40,9.269231,0,0,1,0,1,1,0,0,0
2544,1,0,0,0,1,42,16,0,0,0,1,0,0,0,0,1,0,0,1,0,0,0,40,47,50,50,62,65,49.44983,65,125,150,12,11,2,1,0,22.23077,36.32,45,2.576923,0,0,1,0,1,0,1,0,0
12113,1,0,0,0,1,43,18,0,0,1,0,0,0,0,0,1,0,0,0,0,0,1,52,58,56,53,54,56,57.90104,64,105,108,12,12,4,1,0,14.90385,4.44,45,0.2692308,0,1,0,0,1,0,1,0,0
533,1,0,0,0,1,42,14,0,0,0,0,0,1,0,0,1,0,0,1,0,0,0,50,47,55,62,52,56,54.08437,59,129,163,12,12,3,1,0,12.69231,10.46,40,0.0961538,0,1,0,0,1,0,1,0,0
1629,1,0,0,0,1,40,12,0,0,0,0,0,1,0,0,1,0,0,1,0,0,0,56,49,55,56,52,48,53.53913,65,130,135,12,12,3,1,0,22.03846,23.33,45,16.46154,0,0,1,0,1,0,0,1,0
2102,1,0,0,0,1,44,12,0,0,0,0,0,1,0,0,1,0,0,0,1,0,0,50,39,54,59,53,54,48.63197,64,125,170,12,12,2,1,0,22.30769,10.5,32,0.5,0,1,0,0,0,0,1,0,0
2156,1,0,0,0,1,38,12,0,0,0,0,0,1,0,0,0,1,0,1,0,0,0,44,46,42,59,49,43,49.17721,65,125,161,16,9,2,1,0,17.82692,18,40,0.1730769,0,0,1,0,1,0,0,0,1
111,1,0,0,0,1,42,12,0,0,0,0,0,1,0,0,1,0,0,0,1,0,0,54,42,56,53,38,60,49.17721,60,132,170,11,10,3,1,0,12.92308,16.34,40,7.730769,0,1,0,0,0,1,0,0,0
491,1,0,0,0,1,42,12,0,0,0,0,0,1,0,0,1,0,0,0,1,0,0,42,45,33,29,52,34,37.99981,65,240,180,12,11,3,1,0,20.61539,30.55,36,0.4230769,0,0,1,0,1,0,0,0,1
4323,1,0,1,0,0,41,12,0,0,0,0,0,1,0,0,1,0,0,1,0,0,0,54,46,52,53,47,51,50.26769,65,175,250,12,12,9,1,1,13.07692,10.38,40,2.365385,0,0,1,0,1,0,0,1,0
4200,1,0,1,0,0,42,15,0,0,0,0,0,0,0,1,0,0,0,1,0,0,0,26,40,33,35,43,45,36.90933,66,145,140,8,7,12,1,1,16.42308,28.04,24,14.25,0,0,1,0,1,0,0,0,1
2251,1,0,1,0,0,40,12,0,0,0,0,0,0,1,0,1,0,0,1,0,0,0,32,36,31,35,35,29,34.18314,62,146,156,9,9,8,0,1,17.17308,8.25,40,1.153846,0,0,1,0,1,0,0,0,1
757,1,0,1,0,0,40,14,0,0,0,0,1,0,0,0,1,0,0,1,0,0,0,36,46,43,44,44,39,45.36054,69,105,165,11,9,3,1,1,11.46154,16.34,40,4.519231,0,1,0,0,1,0,1,0,0
1584,1,0,0,0,1,38,15,0,0,0,1,0,0,0,0,1,0,0,1,0,0,0,54,61,57,56,55,47,60.62724,65,120,140,12,10,1,1,1,16.13461,18.77,42,6.384615,0,1,0,0,0,0,0,1,0
5264,1,0,0,0,1,45,12,0,0,0,1,0,0,0,0,1,0,0,0,0,0,1,28,42,26,29,53,43,34.45576,63,170,250,0,8,3,0,0,21.65385,21.25,40,18.92308,1,1,0,0,1,0,0,1,0
1253,1,0,0,0,1,38,12,0,0,0,0,0,1,0,0,1,0,0,1,0,0,0,38,51,37,56,42,45,49.72245,67,130,165,12,14,3,1,0,16.17308,7.58,40,3.903846,0,1,0,0,0,0,0,0,1
192,1,0,0,0,1,39,16,0,0,0,1,0,0,0,0,1,0,0,0,1,0,0,54,53,56,53,56,50,55.17484,61,110,125,12,12,1,1,0,12.96154,33.33,15,0.8269231,0,0,1,0,1,1,0,0,0
4777,1,0,0,0,1,41,12,0,0,0,0,0,1,0,0,1,0,0,0,1,0,0,50,42,50,44,54,49,45.08792,64,130,135,12,8,6,1,0,21.73077,10.25,32,11.71154,0,0,1,0,1,0,1,0,0
1737,1,0,0,1,0,40,17,0,0,1,0,0,0,0,0,0,1,0,1,0,0,0,52,64,61,53,53,44,62.53557,64,115,130,8,12,1,1,0,16.34615,33.76,45,4.865385,0,0,1,0,1,0,0,1,0
369,1,0,0,0,1,43,16,0,0,0,1,0,0,0,0,1,0,0,1,0,0,0,64,65,59,59,61,45,64.17129,65,125,126,12,19,1,1,0,15.76923,15,15,0.7692308,0,0,1,0,1,1,0,0,0
4967,1,0,0,0,1,43,13,0,0,0,0,0,0,0,0,1,0,0,1,0,0,0,56,50,59,62,52,58,56.81056,67,205,191,12,12,3,1,0,21.28846,12.36,42,0.6346154,0,1,0,0,0,0,0,0,1
1727,1,0,0,0,1,38,12,0,0,0,0,0,1,0,0,1,0,0,0,1,0,0,38,43,33,41,46,51,40.18077,63,100,126,12,12,10,1,0,17.57692,38.46,45,1.038462,0,0,1,0,1,0,0,1,0
288,1,0,0,0,1,40,12,0,0,0,0,0,1,0,1,0,0,0,0,1,0,0,52,39,38,44,49,50,40.18077,65,146,190,10,9,4,1,0,4.576923,8.7,38,4.461538,0,0,1,0,1,1,0,0,0
527,1,0,0,0,1,44,13,0,0,0,0,0,1,0,0,0,1,0,1,0,0,0,56,54,60,59,61,37,58.44628,63,120,125,13,20,2,1,0,22.82692,17.94,45,6.153846,0,0,1,0,1,0,1,0,0
2834,1,0,0,0,1,43,13,0,0,0,0,0,1,0,0,1,0,0,0,1,0,0,48,54,57,59,55,59,57.62842,62,105,125,7,14,3,1,0,22.03846,15,16,9.884615,0,0,1,0,1,1,0,0,0
5064,1,0,0,0,1,42,9,0,0,0,0,0,0,1,0,1,0,0,1,0,0,0,44,55,48,56,56,39,54.90222,65,115,140,12,12,1,1,0,15.17308,8.94,20,3.134615,0,1,0,0,0,0,0,0,1
5247,1,0,0,0,1,41,12,0,0,0,0,0,1,0,0,1,0,0,0,0,0,1,42,50,47,53,62,65,51.08555,67,220,275,13,12,2,0,0,18.05769,6.15,30,1.403846,0,0,1,0,2,0,0,1,0
86,1,0,1,0,0,41,9,0,0,0,0,0,0,1,1,0,0,0,1,0,0,0,24,31,25,32,20,31,29.00336,59,140,150,9,9,7,1,1,10.94231,8.5,40,1.5,0,0,1,0,1,1,0,0,0
4638,1,0,0,0,1,40,12,0,0,0,0,0,1,0,0,1,0,0,1,0,0,0,30,35,26,35,31,26,32.2748,65,155,190,12,7,1,1,0,13.51923,7.81,40,2.865385,0,0,1,0,1,0,1,0,0
2934,1,0,0,0,1,40,7,0,0,0,0,0,0,1,0,1,0,0,0,1,0,0,32,42,29,26,40,28,34.45576,48,110,145,7,4,3,1,,10.75,8,25,0.3076923,0,0,1,0,1,0,1,0,0
5568,1,0,0,0,1,39,14,0,0,0,0,0,1,0,0,1,0,0,1,0,0,0,44,45,51,62,48,48,51.90341,65,120,140,12,12,0,1,0,19.44231,11.62,40,8.096154,1,1,0,0,0,0,0,0,1
276,1,0,0,0,1,40,12,0,0,0,0,0,1,0,0,1,0,0,0,1,0,0,40,50,50,56,47,44,52.72127,64,108,112,12,13,1,1,0,22.36539,10.75,40,5.615385,0,0,1,0,1,1,0,0,0
976,1,0,0,0,1,44,18,0,0,1,0,0,0,0,1,0,0,0,1,0,0,0,56,62,59,50,54,60,60.082,71,130,130,11,12,3,1,0,19.19231,12.75,20,0.4807692,0,0,1,0,1,0,1,0,0
29,1,0,0,0,1,41,12,0,0,0,0,0,1,0,0,1,0,0,0,0,0,1,28,42,28,50,54,58,40.72601,66,125,150,0,4,1,1,0,23.34615,29.32,40,21.51923,0,0,1,0,1,1,0,0,0
5624,1,0,0,0,1,42,17,0,0,1,0,0,0,0,0,1,0,0,1,0,0,0,50,58,54,53,62,60,57.3558,60,134,165,18,18,2,1,1,15.5,16.72,46,12.82692,1,1,0,0,1,0,0,0,1
4381,1,0,0,0,1,43,16,0,0,0,0,1,0,0,0,1,0,0,1,0,0,0,60,64,57,53,62,56,61.44509,69,134,195,16,20,10,0,1,19.73077,11.98,38,6.615385,0,0,1,0,1,0,0,1,0
12032,1,0,0,0,1,38,12,0,0,0,0,0,1,0,0,1,0,0,1,0,0,0,38,39,35,38,32,39,37.72719,64,140,140,11,11,3,1,0,9.846154,9.83,40,7.365385,0,0,1,0,1,0,0,0,1
3243,1,0,0,0,1,44,16,0,0,0,1,0,0,0,0,0,1,0,1,0,0,0,54,55,57,53,62,44,56.53794,62,140,155,14,15,1,1,0,21.30769,9.61,50,21.15385,0,0,1,0,0,1,0,0,0
3423,1,0,0,0,1,41,16,0,0,0,1,0,0,0,0,1,0,0,1,0,0,0,60,62,60,56,62,63,61.99033,65,118,148,13,12,4,1,0,13.69231,14.5,16,1.557692,0,0,1,0,1,0,1,0,0
1616,1,0,0,0,1,44,14,0,0,0,0,1,0,0,0,1,0,0,1,0,0,0,54,62,59,59,62,65,62.53557,62,110,140,16,14,4,1,0,15.09615,19.75,44,4.903846,0,1,0,0,1,0,0,1,0
4017,1,0,1,0,0,42,13,0,0,0,0,0,1,0,0,0,1,0,1,0,0,0,40,39,33,44,46,50,38.81767,64,168,120,9,12,5,0,1,18.21154,9.5,56,0.25,0,0,1,0,1,0,0,0,1
887,1,0,0,0,1,41,18,0,0,1,0,0,0,0,0,1,0,0,0,1,0,0,56,39,56,56,51,50,48.35935,63,140,170,14,16,5,1,0,12.48077,17.3,50,17.86539,1,1,0,0,1,0,1,0,0
1804,1,0,0,0,1,42,17,0,0,0,1,0,0,0,0,1,0,0,1,0,0,0,58,65,60,59,62,69,64.44391,71,139,148,13,16,1,1,0,18.23077,22.91,24,8.019231,0,0,1,0,1,0,0,1,0
3343,1,0,0,0,1,38,10,0,0,0,0,0,0,1,0,1,0,0,0,1,0,0,34,40,43,44,47,54,42.0891,65,135,134,10,10,1,1,0,20.88461,9,30,1.038462,0,0,1,0,1,0,1,0,0
1676,1,0,0,0,1,40,18,0,0,1,0,0,0,0,0,1,0,0,1,0,0,0,66,61,60,56,52,63,61.44509,62,118,148,13,13,5,1,,12.23077,41.2,42,2.576923,1,1,0,0,1,0,0,1,0
160,1,0,0,0,1,42,14,0,0,0,0,1,0,0,0,1,0,0,0,1,0,0,54,64,56,56,58,58,61.99033,67,170,200,8,8,3,1,0,21.11539,27,40,20.63461,1,1,0,0,1,1,0,0,0
2123,1,0,0,0,1,40,18,0,0,0,1,0,0,0,0,1,0,0,1,0,0,0,54,49,52,56,53,57,52.72127,66,140,175,12,16,3,1,0,14.73077,10.64,50,18.63461,1,1,0,0,2,0,0,0,1
4785,1,0,0,0,1,39,12,0,0,0,0,0,1,0,0,1,0,0,0,1,0,0,46,50,55,47,62,58,51.63079,67,150,200,9,12,8,1,,21.03846,8.25,40,0.4807692,0,0,1,0,1,0,1,0,0
4602,1,0,0,0,1,42,14,0,0,0,0,0,1,0,0,1,0,0,1,0,0,0,54,50,60,56,62,60,55.44746,66,125,138,15,12,2,1,0,22.19231,11,29,0.5192308,0,0,1,0,1,0,0,1,0
1655,1,0,0,0,1,45,14,0,0,0,0,0,1,0,0,1,0,0,1,0,0,0,46,51,48,56,62,69,52.72127,64,130,140,12,12,4,1,0,18.40385,15.75,20,5.5,0,0,1,0,1,0,0,1,0
11909,1,0,0,0,1,39,12,0,0,0,0,0,1,0,0,0,1,0,0,1,0,0,48,47,54,53,40,48,51.35817,63,136,130,8,8,3,1,1,12.11539,8.2,40,5.096154,0,0,1,0,1,1,0,0,0
92,1,0,0,0,1,39,12,0,0,0,0,0,1,0,0,0,1,0,0,1,0,0,50,39,50,53,51,52,45.90578,59,140,190,12,12,1,1,,17.61539,15.49,35,10.82692,1,1,0,0,1,1,0,0,0
1080,1,0,0,0,1,38,12,0,0,0,0,0,1,0,0,1,0,0,1,0,0,0,52,51,46,56,51,54,52.17603,65,127,160,10,8,2,1,0,18.88461,2.5,50,21,0,0,0,1,1,0,0,0,1
1514,1,0,0,0,1,42,13,0,0,0,0,0,1,0,0,1,0,0,1,0,0,0,48,40,50,53,62,45,46.45102,64,165,180,12,12,2,0,0,21.23077,18.92,40,24.40385,1,0,1,0,0,0,0,0,1
1412,1,0,0,0,1,40,12,0,0,0,0,0,1,0,1,0,0,0,1,0,0,0,48,42,38,44,39,32,41.81648,64,125,170,11,12,7,0,0,17.78846,4.25,40,1,0,0,1,0,1,0,0,0,1
1206,1,0,1,0,0,41,10,0,0,0,0,0,0,1,1,0,0,0,1,0,0,0,26,46,35,41,36,38,42.36172,63,157,195,8,6,7,1,1,4.557693,5.5,40,1.365385,0,0,1,0,1,0,0,0,1
5014,1,0,0,0,1,38,10,0,0,0,0,0,0,1,0,1,0,0,1,0,0,0,40,34,35,32,46,50,33.36528,67,122,170,12,11,0,1,,8.153846,9,40,0.3653846,0,0,1,0,0,0,0,0,1
3737,1,0,0,0,1,41,12,0,0,0,0,0,1,0,0,1,0,0,0,1,0,0,48,54,50,50,56,56,53.26651,63,112,135,12,12,5,1,0,22.30769,25.96,40,11.44231,0,0,1,0,2,0,1,0,0
3626,1,0,0,0,1,43,16,0,0,0,1,0,0,0,0,0,1,0,0,1,0,0,56,47,57,56,61,52,52.99389,64,160,195,13,12,2,1,0,20.17308,16.02,40,7.865385,1,1,0,0,2,0,1,0,0
1935,1,0,0,0,1,44,16,0,0,0,1,0,0,0,0,1,0,0,0,0,0,1,56,66,57,59,41,52,64.17129,67,150,150,12,12,4,1,0,14.84615,9.5,37,0.7692308,0,1,0,0,1,0,1,0,0
3659,1,0,0,0,1,40,12,0,0,0,0,0,0,1,0,0,1,0,1,0,0,0,46,45,37,47,40,42,43.99744,59,120,125,8,5,9,1,1,14.28846,13,40,2.115385,0,0,1,0,1,0,1,0,0
1074,1,0,1,0,0,40,12,0,0,0,0,0,1,0,1,0,0,0,1,0,0,0,36,34,41,35,48,47,35.81885,66,160,230,10,12,3,1,1,20.03846,9.5,30,13,1,1,0,0,1,0,0,0,1
4852,1,0,0,0,1,40,12,0,0,0,0,0,1,0,0,1,0,0,1,0,0,0,32,36,31,35,54,50,34.18314,64,140,160,11,8,5,1,0,18.07692,5.15,35,0.7115384,0,0,1,0,0,0,1,0,0
764,1,0,0,1,0,39,14,0,0,0,0,0,0,0,0,0,1,0,0,1,0,0,42,42,39,50,52,56,43.72482,60,115,160,8,12,5,1,0,7.961538,8.44,40,3.211539,0,1,0,0,0,0,0,0,1
4803,1,0,0,0,1,38,13,0,0,0,0,0,1,0,0,1,0,0,0,1,0,0,48,62,56,53,62,59,60.082,66,165,240,12,12,2,0,0,18.78846,6,40,6.134615,0,1,0,0,0,0,1,0,0
2603,1,0,0,0,1,40,19,0,0,1,0,0,0,0,0,1,0,0,1,0,0,0,66,57,52,62,53,51,58.7189,63,125,118,12,12,2,0,0,12.80769,15.76,50,11.13461,1,1,0,0,0,0,0,0,1
5550,1,0,0,0,1,39,12,0,0,0,0,0,1,0,0,1,0,0,1,0,0,0,38,34,37,26,49,48,32.2748,64,120,150,12,7,2,0,0,19.05769,9.25,46,4.384615,0,0,1,0,1,0,0,0,1
3746,1,0,0,0,1,41,12,0,0,0,0,0,1,0,0,1,0,0,0,1,0,0,50,39,55,47,51,57,45.63316,66,120,160,12,12,4,1,0,10.11539,10.5,15,1.019231,1,1,0,0,1,0,1,0,0
4488,1,0,0,0,1,38,13,0,0,0,0,0,1,0,1,0,0,0,0,1,0,0,50,59,59,62,60,55,61.71771,65,115,140,8,11,2,1,0,17.57692,36.11,45,3.615385,0,0,1,0,1,0,0,1,0
5193,1,0,0,0,1,39,16,0,0,0,0,1,0,0,1,0,0,1,0,0,0,0,56,50,50,53,47,46,51.90341,69,150,165,12,12,4,1,0,16.65385,25.3,40,12.07692,0,0,1,0,1,0,0,1,0
2124,1,0,0,0,1,37,16,0,0,0,1,0,0,0,0,1,0,0,1,0,0,0,58,53,54,59,52,50,56.26532,62,120,200,12,16,3,1,0,15.42308,25,40,6.653846,0,0,1,0,0,0,0,0,1
5037,1,0,0,0,1,43,14,0,0,0,0,0,1,0,0,1,0,0,1,0,0,0,50,49,50,50,53,54,50.54031,72,160,220,14,16,2,1,0,23.09615,7.79,37,15.03846,0,1,0,0,1,0,0,0,1
3303,1,0,0,0,1,44,16,0,0,0,1,0,0,0,0,1,0,0,0,0,1,0,54,66,57,62,61,50,64.98915,65,130,146,14,16,2,1,0,13.90385,12.98,40,2.019231,0,0,1,0,0,1,0,0,0
2521,1,0,0,0,1,39,12,0,0,0,0,0,1,0,0,1,0,0,0,1,0,0,42,36,39,38,52,54,37.18195,62,120,160,12,12,4,1,,14.69231,10.21,32,1.807692,1,1,0,0,1,0,1,0,0
936,1,0,0,0,1,41,14,0,0,0,0,1,0,0,0,1,0,0,0,1,0,0,56,46,50,59,61,72,51.35817,63,110,135,12,12,6,1,0,20.65385,15.75,20,2.596154,0,0,1,0,1,0,1,0,0
4219,1,0,0,0,1,40,14,0,0,0,0,0,1,0,0,1,0,0,1,0,0,0,52,38,47,47,52,54,42.90696,62,189,165,7,11,1,0,1,20.40385,15.78,40,19.53846,0,1,0,0,0,0,0,0,1
3358,1,0,0,0,1,44,16,0,0,0,0,0,1,0,0,0,1,0,1,0,0,0,44,61,56,59,52,58,61.17247,70,165,304,12,18,5,1,1,11,9,43,3.807692,0,0,1,0,1,0,1,0,0
5522,1,0,0,0,1,40,12,0,0,0,0,0,1,0,0,1,0,0,0,0,0,1,50,57,56,53,51,54,57.3558,67,113,143,12,6,2,0,0,19.17308,2.4,16,2.557692,0,1,0,0,0,0,0,0,1
5701,1,0,0,0,1,38,17,0,0,0,1,0,0,0,0,0,1,0,1,0,0,0,54,62,54,53,62,70,59.53675,63,112,113,12,0,1,0,0,15.42308,38.94,40,5.403846,0,0,1,0,1,0,0,1,0
4252,1,0,0,0,1,38,14,0,0,0,0,1,0,0,0,1,0,0,0,0,0,1,52,43,56,56,48,48,50.54031,65,145,203,16,16,3,1,0,15.82692,21.36,36,16.13461,0,1,0,0,1,0,0,0,1
5574,1,0,0,0,1,42,12,0,0,0,0,0,1,0,1,0,0,0,1,0,0,0,40,39,50,53,52,56,45.90578,66,149,158,10,8,5,0,0,23.46154,15.35,40,5.846154,0,1,0,0,0,0,0,0,1
5409,1,0,0,0,1,39,12,0,0,0,0,0,0,1,0,1,0,0,0,1,0,0,44,38,46,47,57,49,42.63434,65,125,170,12,12,2,0,0,12.40385,11.28,40,1.269231,0,0,1,0,0,0,1,0,0
5341,1,0,0,0,1,40,16,0,0,0,1,0,0,0,0,1,0,0,0,0,0,1,52,64,55,56,57,60,61.71771,67,135,158,12,12,3,1,0,18.03846,24.5,30,18.11539,0,1,0,0,1,0,1,0,0
2278,1,0,0,0,1,42,15,0,0,0,0,0,0,0,0,1,0,0,0,0,0,1,48,66,55,53,55,59,61.99033,69,146,170,12,10,1,1,0,15.88461,20,35,11.5,0,1,0,0,0,0,0,0,1
2246,1,0,0,0,1,42,13,0,0,0,0,0,1,0,1,0,0,0,1,0,0,0,50,53,60,56,35,46,57.08318,65,124,125,16,12,2,1,0,19.55769,8.35,40,3.788461,0,0,1,0,1,0,0,0,1
1117,1,0,0,1,0,39,13,0,0,0,0,0,0,0,0,1,0,0,0,1,0,0,34,51,47,47,51,41,49.99507,61,170,179,8,6,1,0,,21.69231,17.78,40,22.28846,0,0,1,0,1,0,0,0,1
5159,1,0,0,0,1,41,12,0,0,0,0,0,0,1,0,0,1,0,0,0,0,1,54,43,35,53,48,42,43.99744,68,135,148,14,12,3,1,1,9.057693,7,35,0.1153846,0,0,1,0,1,0,0,1,0
1293,1,0,1,0,0,43,16,0,0,0,1,0,0,0,0,1,0,0,1,0,0,0,42,43,43,50,61,60,45.36054,60,120,190,12,13,4,1,0,17.30769,25.18,42,1.865385,0,0,1,0,1,0,0,0,1
622,1,0,1,0,0,38,15,0,0,0,0,0,1,0,0,1,0,0,1,0,0,0,34,47,43,56,52,41,49.17721,64,128,195,13,13,2,1,1,15.09615,15.38,40,9.230769,0,0,1,0,1,0,1,0,0
3908,1,0,0,0,1,43,13,0,0,0,0,0,0,0,0,1,0,0,0,1,0,0,52,45,54,53,62,72,50.26769,69,140,198,12,12,2,1,1,23.09615,26.72,35,8.134615,0,0,1,0,1,0,1,0,0
3953,1,0,1,0,0,42,16,0,0,0,1,0,0,0,0,1,0,0,1,0,0,0,38,50,31,50,54,54,45.90578,65,140,145,12,12,6,1,1,17.38461,22.59,40,16.03846,1,0,1,0,1,0,0,0,1
4872,1,0,0,0,1,39,17,0,0,0,1,0,0,0,1,0,0,0,0,1,0,0,38,39,39,44,50,43,40.45338,66,135,184,12,13,2,1,0,10.23077,21.91,43,11.84615,0,1,0,0,0,0,1,0,0
12108,1,0,0,0,1,42,14,0,0,0,0,0,0,0,0,0,1,0,0,1,0,0,54,47,52,56,46,66,51.63079,70,153,165,5,5,2,1,0,17.26923,9.3,30,10.82692,1,1,0,0,1,0,0,1,0
147,1,0,0,0,1,41,14,0,0,0,0,0,1,0,0,1,0,0,0,0,0,1,44,39,46,47,59,62,43.17958,61,122,125,10,12,0,1,0,14.71154,3.84,25,5.826923,1,0,1,0,1,1,0,0,0
2265,1,0,1,0,0,40,14,0,0,0,0,0,1,0,0,1,0,0,0,0,0,1,44,39,44,38,49,44,40.18077,66,134,180,12,12,4,1,1,8.865385,9.4,40,1.961538,0,0,1,0,0,0,0,0,1
2245,1,0,0,0,1,41,16,0,0,0,1,0,0,0,0,0,1,0,1,0,0,0,58,50,60,56,54,56,55.44746,66,130,133,14,12,2,1,0,19.67308,16.31,56,5.423077,0,0,1,0,1,0,0,0,1
1065,1,0,0,0,1,43,12,0,0,0,0,0,1,0,0,1,0,0,1,0,0,0,48,54,56,59,62,59,57.3558,65,125,140,12,12,3,1,0,13.19231,14.5,24,3.826923,0,0,1,0,1,0,1,0,0
3576,1,0,0,0,1,42,12,0,0,0,0,0,1,0,0,1,0,0,0,1,0,0,52,46,59,56,55,65,52.99389,66,120,155,12,12,4,1,0,7.557693,6,16,0.2692308,0,0,1,0,0,0,1,0,0
4564,1,0,1,0,0,44,16,0,0,0,1,0,0,0,0,1,0,0,0,1,0,0,58,57,56,59,62,57,58.99152,65,135,140,12,12,2,1,0,14.96154,19.6,50,3.076923,0,1,0,0,1,0,0,1,0
388,1,0,1,0,0,39,15,0,0,0,0,1,0,0,1,0,0,0,0,1,0,0,58,53,61,56,54,50,57.3558,61,190,200,12,14,4,1,0,11.90385,30,40,8.942307,0,0,1,0,1,1,0,0,0
227,1,0,1,0,0,44,12,0,0,0,0,0,1,0,0,1,0,0,1,0,0,0,38,36,29,38,40,29,34.45576,63,135,160,9,9,4,1,1,6.269231,7.5,30,6.403846,0,0,1,0,1,1,0,0,0
2328,1,0,0,0,1,45,16,0,0,0,1,0,0,0,0,1,0,0,1,0,0,0,58,53,61,59,46,59,58.17366,64,140,267,10,12,3,1,0,18.40385,12,40,0.8269231,0,1,0,0,2,0,0,0,1
3294,1,0,0,0,1,42,18,0,0,1,0,0,0,0,0,0,1,0,0,1,0,0,64,65,61,59,61,63,64.71653,65,124,140,12,12,2,1,0,12.63461,47.5,40,1.942308,0,0,1,0,1,1,0,0,0
2079,1,0,0,0,1,43,12,0,0,0,0,0,1,0,0,1,0,0,1,0,0,0,40,40,55,56,39,54,48.63197,64,115,120,12,12,1,1,0,14.88461,11.9,33,4.115385,0,1,0,0,0,0,1,0,0
1281,1,0,0,0,1,38,16,0,0,0,0,1,0,0,0,1,0,0,1,0,0,0,42,51,56,62,42,50,56.53794,66,115,126,12,12,2,1,0,9.423077,18.75,16,0.5384616,0,0,1,0,1,0,0,0,1
11787,1,0,0,0,1,41,10,0,0,0,0,0,0,1,0,1,0,0,0,1,0,0,36,42,43,38,42,59,41.54387,67,195,230,10,10,1,1,0,15.82692,14.16,12,14.75,0,0,1,0,1,1,0,0,0
4864,1,0,0,0,1,39,12,0,0,0,0,0,1,0,0,1,0,0,0,1,0,0,44,40,54,47,51,54,45.90578,63,140,173,9,9,6,1,0,14.07692,7,21,0.1346154,0,0,1,0,0,0,1,0,0
12073,1,0,0,0,1,42,12,0,0,0,0,0,1,0,0,1,0,0,0,0,1,0,50,42,54,44,49,57,46.1784,63,185,290,12,12,2,1,0,18.38461,17.06,40,1.423077,0,0,1,0,1,1,0,0,0
2210,1,0,1,0,0,38,12,0,0,0,0,0,1,0,0,1,0,0,0,0,0,1,34,38,35,44,58,52,38.81767,62,145,195,12,12,3,1,0,16.94231,12.17,40,13.36539,0,0,1,0,0,0,0,0,1
2804,1,0,1,0,0,39,16,0,0,0,1,0,0,0,0,1,0,0,1,0,0,0,36,36,39,50,61,63,40.45338,65,130,195,12,12,2,0,0,17.30769,26.92,40,16.36539,0,0,1,0,0,0,0,0,1
11794,1,0,0,0,1,39,12,0,0,0,0,0,0,1,0,0,1,0,1,0,0,0,32,43,41,41,38,39,42.36172,67,130,127,10,6,4,0,0,21.07692,20.19,40,11.57692,0,0,1,0,0,0,0,0,1
2232,1,0,0,0,1,37,12,0,0,0,0,0,1,0,0,1,0,0,1,0,0,0,48,46,47,53,51,50,48.90459,68,130,175,10,12,1,0,0,18.67308,17.3,50,5.576923,0,0,1,0,1,0,0,0,1
3597,1,0,0,0,1,43,14,0,0,0,0,0,1,0,0,1,0,0,0,1,0,0,50,50,59,50,55,53,53.53913,67,139,140,11,12,10,1,0,15.05769,11.67,40,6.923077,0,0,1,0,0,0,1,0,0
3249,1,0,0,0,1,40,14,0,0,0,0,1,0,0,0,1,0,0,0,0,0,1,50,46,59,50,41,50,51.35817,62,140,180,12,17,1,0,0,19.42308,10.7,40,6.480769,0,0,1,0,1,1,0,0,0
292,1,0,0,0,1,45,18,0,0,1,0,0,0,0,0,1,0,0,1,0,0,0,62,66,57,62,60,57,64.98915,65,115,138,12,12,2,1,0,14.03846,13.83,55,4.846154,1,1,0,0,1,1,0,0,0
1885,1,0,0,0,1,42,16,0,0,0,1,0,0,0,0,1,0,0,1,0,0,0,52,49,57,56,55,54,54.08437,64,120,135,12,12,2,0,0,13.55769,17.62,24,18.75,0,0,1,0,1,1,0,0,0
3699,1,0,1,0,0,40,12,0,0,0,0,0,1,0,0,1,0,0,1,0,0,0,32,36,39,41,60,41,37.99981,62,105,115,9,8,5,0,0,16.17308,15.11,40,6.903846,0,1,0,0,1,0,0,0,1
12126,1,0,1,0,0,38,12,0,0,0,0,0,1,0,0,0,1,0,1,0,0,0,40,38,34,35,35,34,36.09147,63,175,221,10,7,2,1,0,13.46154,9.15,40,2.173077,0,0,1,0,0,0,0,0,1
287,1,0,0,0,1,43,12,0,0,0,0,0,1,0,0,1,0,0,0,1,0,0,34,40,51,50,60,56,45.90578,69,160,180,10,8,3,1,0,18.71154,13.04,40,16.19231,0,0,1,0,1,1,0,0,0
11958,1,0,0,0,1,38,12,0,0,0,0,0,0,0,0,1,0,0,0,1,0,0,48,42,42,50,47,47,44.54268,63,110,150,16,16,0,1,0,18.28846,34.34,35,1.057692,0,0,1,0,1,1,0,0,0
978,1,0,0,0,1,43,16,0,0,0,1,0,0,0,0,1,0,0,1,0,0,0,36,42,48,41,53,54,43.72482,60,111,145,11,12,4,1,1,18.28846,10.81,32,1.942308,1,1,0,0,1,0,1,0,0
3555,1,0,0,0,1,44,12,0,0,0,0,0,1,0,0,1,0,0,0,1,0,0,46,46,48,50,46,50,48.35935,62,100,130,12,9,8,1,0,13.96154,7,20,2.942308,0,0,1,0,0,0,1,0,0
4865,1,0,0,0,1,38,15,0,0,0,0,1,0,0,0,1,0,0,0,1,0,0,44,51,50,53,51,47,52.44865,63,135,180,9,9,7,1,0,17.05769,8.79,40,3.173077,0,0,1,0,0,0,1,0,0
5326,1,0,0,0,1,42,16,0,0,0,1,0,0,0,0,1,0,0,0,0,0,1,66,65,60,56,55,39,63.62605,66,130,150,12,8,5,1,0,19.38461,19.07,24,15.11539,0,0,1,0,0,0,1,0,0
896,1,0,0,0,1,40,16,0,0,0,1,0,0,0,0,1,0,0,0,1,0,0,60,66,60,59,62,65,64.98915,64,145,135,16,17,3,1,0,15.98077,8.97,15,3.788461,0,1,0,0,1,0,1,0,0
4724,1,0,0,0,1,43,12,0,0,0,0,0,1,0,0,0,1,0,1,0,0,0,36,36,35,44,47,47,37.72719,60,145,160,11,16,3,1,0,15,8.75,60,0.9615384,0,0,1,0,1,0,0,0,1
22,1,0,0,0,1,39,16,0,0,0,1,0,0,0,0,1,0,0,1,0,0,0,56,62,56,59,57,49,61.71771,64,115,145,12,12,1,1,0,17.90385,14.02,48,1.557692,0,1,0,0,1,1,0,0,0
4929,1,0,0,0,1,41,14,0,0,0,0,1,0,0,0,1,0,0,1,0,0,0,44,45,56,53,49,54,50.81293,62,110,145,12,10,1,1,0,18.84615,7.57,40,0.0961538,0,0,1,0,0,0,0,0,1
3804,1,0,0,0,1,41,18,0,0,1,0,0,0,0,0,1,0,0,1,0,0,0,62,62,61,53,56,53,61.44509,68,148,180,16,18,2,1,0,15.01923,11.53,40,1.903846,0,0,1,0,1,0,0,0,1
1394,1,0,0,0,1,42,15,0,0,0,0,1,0,0,0,1,0,0,0,0,0,1,52,54,54,62,58,58,57.62842,66,120,132,11,10,4,1,0,17.09615,23,40,14.73077,0,1,0,0,1,0,0,0,1
2062,1,0,0,0,1,39,18,0,0,1,0,0,0,0,0,1,0,0,0,1,0,0,46,49,42,50,61,63,48.35935,67,150,160,11,12,2,1,0,13.67308,30,50,4.096154,0,0,1,0,0,0,1,0,0
2383,1,0,0,1,0,39,12,0,0,0,0,0,1,0,0,1,0,0,0,1,0,0,46,54,41,47,61,49,49.99507,62,260,350,8,8,5,1,0,16.90385,8.9,30,16.03846,0,0,1,0,1,0,0,1,0
5687,1,0,0,0,1,39,12,0,0,0,0,0,1,0,0,1,0,0,0,1,0,0,48,42,50,44,53,56,45.08792,65,154,214,8,8,9,0,1,4.134615,9,20,0.0769231,0,0,1,0,1,0,0,1,0
4186,1,0,0,1,0,42,16,0,0,0,1,0,0,0,0,1,0,0,0,1,0,0,48,57,47,53,40,62,54.90222,59,104,130,3,2,4,1,1,20.03846,16.34,40,19.17308,0,0,1,0,1,0,0,0,1
1552,1,0,0,0,1,45,16,0,0,0,1,0,0,0,0,1,0,0,0,1,0,0,44,38,48,56,51,41,45.63316,66,140,130,10,12,3,0,0,15.94231,11.25,40,1.403846,0,1,0,0,0,1,0,0,0
3756,1,0,0,0,1,38,12,0,0,0,0,0,1,0,0,0,1,0,0,1,0,0,50,50,54,50,40,45,52.17603,66,115,180,8,12,3,0,0,16.17308,14.32,40,10.40385,1,0,1,0,1,0,1,0,0
5708,1,0,0,0,1,44,14,0,0,0,0,0,1,0,0,1,0,0,0,0,0,1,58,54,57,62,62,65,58.44628,63,123,140,15,12,3,1,0,22.17308,13.94,40,4.057693,0,1,0,0,0,0,0,1,0
2099,1,0,0,0,1,39,13,0,0,0,0,0,0,0,0,1,0,0,0,0,0,1,48,46,43,50,53,58,46.99625,65,150,235,12,12,4,1,0,19.36539,33.05,32,14.40385,0,0,1,0,0,0,1,0,0
1487,1,0,1,0,0,39,13,0,0,0,0,0,1,0,0,0,1,0,1,0,0,0,42,47,46,53,62,67,49.17721,70,185,240,12,18,3,1,0,20.82692,18.33,15,0.4615385,0,1,0,0,1,0,0,0,1
2738,1,0,0,0,1,42,12,0,0,0,0,0,1,0,0,1,0,0,1,0,0,0,44,53,54,50,52,60,53.81174,62,125,165,11,12,3,1,1,17.84615,27.9,40,5.692307,0,1,0,0,0,0,0,0,1
12098,1,0,0,1,0,41,14,0,0,0,0,1,0,0,1,0,0,0,0,1,0,0,56,54,60,56,49,48,57.62842,64,126,131,12,12,0,1,0,21.11539,13.37,40,1.942308,0,0,1,0,1,0,0,1,0
2480,1,0,0,0,1,38,12,0,0,0,0,0,1,0,0,0,1,1,0,0,0,0,42,43,56,59,52,44,51.35817,66,180,160,11,12,2,0,0,12.86539,19,48,15.01923,1,0,1,0,1,0,1,0,0
1838,1,0,0,1,0,40,12,0,0,0,0,0,1,0,0,1,0,0,0,1,0,0,38,34,35,50,55,54,38.27243,63,145,176,8,6,3,0,0,13.73077,13.65,30,1.653846,1,1,0,0,0,0,0,1,0
5272,1,0,0,0,1,40,12,0,0,0,0,0,1,0,0,1,0,0,1,0,0,0,42,45,48,38,62,69,44.54268,68,130,170,12,12,1,1,0,15.80769,8.8,40,1.192308,0,0,1,0,0,0,1,0,0
1795,1,0,0,0,1,45,20,0,0,0,0,0,0,0,0,1,0,0,0,1,0,0,46,49,55,53,62,56,52.72127,62,106,110,12,16,1,1,0,10.40385,38.46,50,6.288462,0,1,0,0,1,0,0,1,0
530,1,0,0,0,1,45,9,0,0,0,0,0,0,1,0,1,0,0,1,0,0,0,36,39,35,44,35,56,39.36291,66,131,150,5,8,1,0,0,6.326923,6.1,40,1,1,0,1,0,0,0,1,0,0
3254,1,0,0,0,1,37,12,0,0,0,0,0,1,0,0,1,0,0,1,0,0,0,38,51,44,59,62,59,52.44865,64,127,140,12,12,4,1,1,20.09615,13.5,40,20.84615,0,0,1,0,1,1,0,0,0
3452,1,0,0,0,1,39,12,0,0,0,0,0,1,0,0,1,0,0,1,0,0,0,38,54,43,47,53,36,50.54031,66,140,160,12,12,1,1,0,15.25,15.5,15,4,0,0,1,0,0,0,1,0,0
1178,1,0,0,0,1,39,17,0,0,0,1,0,0,0,0,1,0,0,1,0,0,0,42,59,51,53,55,52,57.08318,64,125,135,12,12,2,1,,17.19231,13.84,50,11.92308,0,1,0,0,1,0,0,0,1
5301,1,0,0,0,1,39,12,0,0,0,0,0,1,0,0,1,0,0,1,0,0,0,62,51,61,62,54,65,57.90104,60,100,126,12,12,2,1,0,17.46154,19.6,32,15.71154,0,0,1,0,1,0,0,0,1
1866,1,0,0,0,1,41,12,0,0,0,0,0,1,0,0,1,0,0,0,1,0,0,46,54,44,53,57,56,52.44865,63,115,138,10,12,1,0,0,23.07692,8,50,13.98077,0,0,1,0,1,1,0,0,0
4206,1,0,1,0,0,39,12,0,0,0,0,0,1,0,0,1,0,0,0,1,0,0,30,40,29,35,28,42,35.81885,63,160,200,12,13,4,1,0,14.71154,7.85,40,8.211538,1,0,1,0,1,0,0,0,1
1238,1,0,0,0,1,44,13,0,0,0,0,1,0,0,0,1,0,0,0,0,0,1,58,53,60,50,44,45,55.44746,67,205,255,12,12,7,1,0,4.884615,8.75,40,0.0384615,0,0,1,0,1,0,0,0,1
4796,1,0,0,0,1,40,14,0,0,0,0,1,0,0,0,0,1,0,0,1,0,0,52,46,56,56,42,35,52.17603,63,120,185,12,7,2,1,0,5.807693,8.8,40,0.8076923,0,0,1,0,1,0,1,0,0
1038,1,0,0,0,1,37,14,0,0,0,0,0,1,0,0,1,0,0,1,0,0,0,56,51,48,50,46,46,51.08555,59,110,165,12,14,2,1,0,18.23077,12.23,40,11.03846,0,1,0,0,0,0,1,0,0
11891,1,0,0,1,0,44,12,0,0,0,0,0,1,0,0,1,0,0,0,1,0,0,32,36,35,29,24,44,33.6379,62,115,138,6,6,2,0,0,6.711538,8.5,40,1.576923,0,0,1,0,1,0,0,1,0
